mutation
-0.000800759
-0.001129891
-0.000369057
-0.004910277
-0.000656679
-0.001078794
-0.000303898
-0.000323161
-0.002159115
-0.002323297
-0.000519271
-0.000002540
-0.000686698
-0.000080754
-0.000085194
-0.000535577
-0.000517460
-0.000604287
-0.000967237
-0.000156487
-0.000387469
-0.000088374
-0.001846057
-0.000580296
-0.000540396
-0.001104418
-0.000573094
-0.000324587
-0.000596310
-0.002018472
-0.000821361
-0.000531046
-0.000404928
-0.001286709
-0.000588493
-0.000152950
-0.000784685
-0.000121458
-0.000768968
-0.000078770
-0.000171924
-0.000117318
-0.000659884
-0.000739177
-0.000462612
-0.000424995
-0.001315863
-0.000928832
-0.000387925
-0.000598129
-0.004615699
-0.001310801
-0.000001993
-0.001480869
-0.000286606
-0.000172895
-0.000458567
-0.000558264
-0.001147798
-0.001693920
-0.001101576
-0.001834147
-0.000060708
-0.000620987
-0.000965195
-0.000388094
-0.001079465
-0.001550013
-0.001648831
-0.000588144
-0.000538296
-0.001085533
-0.000148866
-0.001101228
-0.000169420
-0.000969129
-0.001448033
-0.000030971
-0.000441034
-0.000206887
-0.000199189
-0.001596922
-0.000099385
-0.002195550
-0.000144872
-0.000143551
-0.000135653
-0.000024626
-0.000278622
-0.002013408
-0.001623338
-0.001143890
-0.000018829
-0.000332471
-0.001968696
-0.000685651
-0.001976847
-0.002166142
-0.000114567
-0.001175154
-0.000480687
-0.000100686
-0.000542847
-0.000131051
-0.000238699
-0.000335733
-0.000427283
-0.000873924
-0.000990564
-0.000040425
-0.000713147
-0.000063942
-0.000506126
-0.000974062
-0.000653228
-0.000871085
-0.002638861
-0.000986056
-0.000805691
-0.001669173
-0.000206797
-0.001284804
-0.002193126
