site node derived_state
0 10383 -0.009185378
3 719 -0.038537478
4 3225 -0.020912888
5 3667 -0.067618702
5 1776 -0.092079450
7 1701 -0.024538142
7 1177 -0.002517470
9 121 -0.071212532
9 823 -0.080847858
14 22532 -0.006320463
15 32559 -0.010868349
15 1070 -0.086443724
17 1663 -0.039319184
18 14864 -0.013311858
18 6604 -0.017288469
19 1030 -0.026140807
22 2187 -0.129918045
23 49386 -0.000800759
23 4726 -0.007756301
24 964 -0.050130881
26 1561 -0.014903960
27 15916 -0.003190817
27 3736 -0.037241648
30 4460 -0.012672692
31 915 -0.015791408
34 2784 -0.016673594
36 176 -0.011273342
37 3491 -0.008631263
37 993 -0.038928258
38 5485 -0.004037941
39 15784 -0.008646698
41 307 -0.013889357
42 1958 -0.028652632
42 4270 -0.045286211
42 1546 -0.002215033
42 700 -0.006487316
43 7909 -0.024050487
45 1459 -0.057660495
46 1177 -0.003259265
48 10743 -0.007096150
50 1426 -0.072212174
51 5823 -0.000989140
52 452 -0.047571084
53 700 -0.063831965
55 10728 -0.003989253
56 4468 -0.061472656
56 1281 -0.006279689
58 3633 -0.063370398
58 83 -0.017356736
62 2206 -0.026429931
66 1546 -0.016941309
67 8125 -0.008087759
68 409 -0.016524394
69 2756 -0.015980695
71 19603 -0.002675588
71 923 -0.090626092
73 46897 -0.001129891
75 8661 -0.011811477
75 8759 -0.000269632
77 3236 -0.028233679
77 524 -0.083140979
78 5844 -0.011500440
79 237 -0.006981097
79 4925 -0.036740606
80 45730 -0.001071044
80 21892 -0.010343697
80 1826 -0.055723092
83 306 -0.029938905
83 856 -0.028509982
83 553 -0.030849512
84 18406 -0.009489614
86 48286 -0.000369057
88 5487 -0.001191604
88 5293 -0.014357684
92 1086 -0.007239824
94 1513 -0.021270891
99 348 -0.002948854
101 65 -0.003274575
101 1028 -0.035082002
103 1221 -0.064897609
103 715 -0.005537523
104 355 -0.038255935
105 1343 -0.002052753
106 5292 -0.012160729
107 1078 -0.002522950
107 734 -0.030947319
107 1973 -0.072230157
108 900 -0.004875066
110 4247 -0.082129516
113 4743 -0.004743920
114 707 -0.008521265
116 1209 -0.023043129
117 8711 -0.001864519
118 2133 -0.042041892
120 30318 -0.006571228
120 16623 -0.006103484
120 7465 -0.036327210
121 881 -0.007986326
121 776 -0.084822441
122 209 -0.018329756
125 33753 -0.000988205
125 1120 -0.019774314
126 15493 -0.011507040
126 7488 -0.025378317
127 535 -0.020757727
128 1149 -0.070020310
128 995 -0.003705512
131 3656 -0.017447819
131 83 -0.010632744
132 4094 -0.012639058
133 6770 -0.003252757
133 5173 -0.007183933
134 2124 -0.025508922
135 3105 -0.015641185
135 1563 -0.013315730
136 1458 -0.016559600
136 850 -0.024192724
137 16673 -0.004928598
137 3753 -0.005129624
141 2990 -0.025789034
142 1545 -0.017965258
144 7787 -0.028271660
144 9458 -0.025115485
144 1338 -0.021667247
145 1459 -0.018770592
145 2225 -0.002178897
145 636 -0.011394782
146 1922 -0.102078057
148 26 -0.015106451
150 7644 -0.008364646
153 424 -0.008530671
156 3791 -0.003985103
156 2295 -0.002658412
157 1817 -0.009529509
158 129 -0.000019970
159 2232 -0.013477985
159 3283 -0.027233250
160 3105 -0.016858972
162 1061 -0.110573413
166 629 -0.007967077
168 10279 -0.008507808
169 6417 -0.000554401
169 294 -0.000993918
169 1952 -0.002896669
169 680 -0.017542484
171 48294 -0.004910277
174 4861 -0.002584308
176 1719 -0.021301460
176 1854 -0.003974687
177 3162 -0.062530538
177 2266 -0.026247773
177 292 -0.013154633
178 51596 -0.000656679
178 39695 -0.002046605
178 4861 -0.012417211
178 2888 -0.018184798
178 617 -0.002394957
179 4526 -0.027092306
179 1474 -0.002241700
180 44025 -0.001078794
186 839 -0.019784762
187 526 -0.029444670
189 764 -0.070663543
191 7884 -0.006387649
192 2475 -0.014101688
192 3187 -0.001303769
192 1989 -0.008448479
193 5851 -0.014413226
194 423 -0.089437669
196 1211 -0.076332735
199 495 -0.086119737
201 11961 -0.010403566
205 1182 -0.021189835
205 675 -0.003691175
207 1968 -0.002877194
209 22689 -0.000237524
209 2775 -0.008104445
209 1434 -0.014078827
213 7264 -0.003638960
214 17938 -0.008102774
214 11300 -0.007479858
215 9573 -0.027880830
216 918 -0.040690848
216 1174 -0.001353873
217 6675 -0.046137727
217 1653 -0.064190250
219 27655 -0.003054246
219 1806 -0.014253482
221 1032 -0.027282116
222 20182 -0.010834788
222 2703 -0.033221512
223 37591 -0.001803037
224 2906 -0.004197345
227 4460 -0.000964590
228 1839 -0.015751990
230 1666 -0.000423889
231 1476 -0.015853064
231 74 -0.000578841
235 6557 -0.017992577
239 572 -0.023071568
241 49216 -0.000303898
241 1742 -0.020839534
243 2247 -0.076554754
244 2747 -0.006152833
248 4049 -0.004281527
248 7162 -0.020588498
248 4831 -0.016810803
248 1295 -0.074180829
251 361 -0.101427089
253 1829 -0.042593358
254 141 -0.027957854
254 431 -0.013023657
256 1300 -0.022992030
259 2158 -0.033853273
260 3027 -0.002830028
261 9395 -0.007874126
261 1344 -0.013940677
261 1552 -0.053360539
262 52 -0.053068229
263 6359 -0.026027306
263 8 -0.001490473
264 13593 -0.003664578
264 1161 -0.011473247
265 28037 -0.006334108
267 8934 -0.000838026
268 15515 -0.001785791
270 564 -0.019205981
271 1880 -0.009617274
275 7611 -0.009034989
275 366 -0.023578355
276 3946 -0.004187778
276 228 -0.076562016
277 7581 -0.019877884
278 1677 -0.010350986
279 5337 -0.005840335
280 6963 -0.012566632
280 630 -0.005485701
283 5514 -0.018480929
284 10410 -0.012747322
286 1624 -0.002005812
290 27842 -0.002049850
292 19618 -0.006933293
296 6950 -0.013596211
298 563 -0.022698562
299 482 -0.021541173
301 7057 -0.000965896
303 1398 -0.005786289
304 1388 -0.053022829
305 7650 -0.006236107
305 7650 -0.016938230
305 4597 -0.007356951
305 684 -0.064324577
306 26 -0.011607990
310 2385 -0.060387113
310 1918 -0.005977854
312 7687 -0.002483680
312 3649 -0.000286050
312 1882 -0.053585360
315 3335 -0.010321349
316 29233 -0.001995270
317 35036 -0.000872550
318 1113 -0.003295489
319 29233 -0.000978485
320 5373 -0.007577935
323 780 -0.112997106
325 167 -0.022527277
326 12691 -0.007781078
326 902 -0.005636851
327 3273 -0.005195421
330 9911 -0.016955412
332 17612 -0.003374152
332 1231 -0.049408952
333 114 -0.081471993
333 964 -0.026022772
334 3667 -0.004416610
334 1807 -0.008750639
336 50380 -0.000323161
336 630 -0.005483325
336 2314 -0.006260800
336 2304 -0.022218174
339 12194 -0.019809811
340 26770 -0.003240755
340 5561 -0.011863903
340 3299 -0.006726303
340 984 -0.000647598
341 41683 -0.000770932
341 1828 -0.022239673
341 1121 -0.039824480
342 1662 -0.026301551
343 16874 -0.031209321
345 10765 -0.037130958
345 817 -0.026683543
345 4348 -0.025205245
345 3477 -0.022417603
346 352 -0.005272531
346 1174 -0.029688774
347 34155 -0.003390166
347 5716 -0.032610749
347 872 -0.005447329
348 1536 -0.000198092
349 26987 -0.000531168
349 9559 -0.009524061
350 178 -0.060501255
351 1825 -0.019190457
351 724 -0.026129590
352 222 -0.027772587
353 426 -0.022813288
354 58 -0.040120893
356 1412 -0.029255070
357 1837 -0.035250926
359 1490 -0.038148931
360 24297 -0.003740326
360 6115 -0.009421941
360 1725 -0.082519307
360 1329 -0.007723364
361 20051 -0.013590638
361 11960 -0.012378489
362 41271 -0.002159115
363 2487 -0.009040013
364 12129 -0.000010549
364 1449 -0.032004338
365 1986 -0.005281167
366 490 -0.075798687
367 17071 -0.001074673
367 970 -0.038626894
368 14082 -0.006577312
369 387 -0.091579715
370 1671 -0.017031739
370 602 -0.001433639
371 3489 -0.001521504
371 17592 -0.002399390
372 724 -0.026337346
374 25987 -0.002523880
374 4405 -0.031837692
374 320 -0.018206991
376 3132 -0.019437277
376 1698 -0.034376234
376 1293 -0.017020174
379 50060 -0.002323297
381 9838 -0.014808820
382 1534 -0.015296924
383 39 -0.164233411
384 16528 -0.011963781
384 1791 -0.018284581
384 591 -0.017624055
386 8258 -0.009726491
386 451 -0.002876142
386 543 -0.003258282
387 5041 -0.050315139
391 4302 -0.001389869
392 1018 -0.055135451
394 30604 -0.000917623
394 427 -0.049007965
395 4328 -0.035796919
395 4572 -0.015613317
396 5214 -0.001589669
396 1239 -0.008636747
400 135 -0.003366752
403 1701 -0.008739692
405 17618 -0.000320963
407 15067 -0.018352344
408 328 -0.016853215
408 520 -0.005225693
409 15067 -0.003906070
409 6228 -0.030574406
409 1463 -0.022112931
409 415 -0.021866989
409 1855 -0.025098317
411 319 -0.072300498
411 280 -0.072328240
412 17460 -0.006133569
412 3633 -0.004715070
413 4191 -0.001097681
413 976 -0.050593519
416 190 -0.016414302
416 1940 -0.001664976
417 31319 -0.001782190
417 6218 -0.014330561
417 9682 -0.004080139
417 690 -0.045499300
417 825 -0.010989436
419 223 -0.019639548
420 33949 -0.000752074
422 45327 -0.000519271
422 546 -0.055438729
423 7411 -0.005074743
423 7411 -0.007186791
425 3117 -0.011170672
426 8929 -0.018628135
429 35271 -0.002250039
429 817 -0.010745225
429 1947 -0.002026303
432 11420 -0.000587146
433 2320 -0.008095998
435 10838 -0.043519054
436 1630 -0.000694145
436 56 -0.003624743
437 1346 -0.012960176
440 12427 -0.033094511
440 336 -0.037292835
441 5537 -0.021714835
442 7635 -0.012432719
444 9390 -0.013984677
444 2100 -0.010749062
445 44360 -0.000057059
446 1942 -0.034832284
446 1173 -0.017154269
448 8825 -0.011357370
449 6014 -0.036367182
449 663 -0.026872155
450 1423 -0.000951310
455 543 -0.106668097
456 3632 -0.012969328
457 652 -0.016885710
459 5292 -0.016049873
459 3885 -0.037214563
461 652 -0.015195400
461 1979 -0.019019146
461 146 -0.011328431
462 9313 -0.009385545
462 435 -0.048630322
465 409 -0.032528094
467 3537 -0.001037491
468 27518 -0.008638301
469 1692 -0.035174427
469 1338 -0.008395595
470 3632 -0.069219584
471 8031 -0.016375141
471 980 -0.033833719
471 1338 -0.032756871
471 298 -0.007386637
472 9135 -0.001109085
472 9525 -0.006251533
475 4348 -0.045501126
476 2373 -0.031807687
476 517 -0.023060138
481 4758 -0.005421668
483 7021 -0.008829228
483 7409 -0.029244707
483 1930 -0.040102993
484 11645 -0.002171057
484 5921 -0.001536667
485 9135 -0.048676591
485 3098 -0.096408434
487 1004 -0.011846637
488 3374 -0.030860825
488 1942 -0.002344821
488 1857 -0.012184237
489 665 -0.015554137
491 1026 -0.000923660
493 6116 -0.019237053
493 421 -0.006185934
495 5032 -0.003425417
496 2123 -0.074459731
496 1873 -0.001790242
497 7104 -0.015231619
498 1321 -0.023423208
501 677 -0.031147443
503 13214 -0.002974193
504 13214 -0.002546640
506 1882 -0.019582083
507 46502 -0.000002540
508 908 -0.114196626
512 1295 -0.002239713
512 1989 -0.063097008
513 908 -0.012033114
515 13094 -0.020260563
515 1640 -0.037903023
516 545 -0.028332085
517 5717 -0.001468369
518 1533 -0.094872797
522 667 -0.022036029
522 114 -0.004867912
523 5515 -0.009121136
525 1288 -0.083004162
525 678 -0.000509505
525 541 -0.017368697
530 9191 -0.015526836
531 746 -0.027376068
532 2181 -0.043230719
532 1510 -0.040265459
533 17440 -0.013458081
533 1849 -0.030018592
535 1321 -0.070160216
535 790 -0.012671382
535 93 -0.012555138
536 11233 -0.003456588
537 9503 -0.000502493
538 5507 -0.001162532
539 1176 -0.069485530
539 1912 -0.012776812
540 345 -0.024264646
541 5642 -0.032373783
541 2688 -0.019923239
542 2931 -0.037499081
543 10948 -0.009018728
543 5560 -0.007012907
545 6199 -0.007728190
547 529 -0.021652819
549 1123 -0.009480766
550 1901 -0.016278939
551 147 -0.009505884
551 2048 -0.006285622
552 6215 -0.052507520
553 4606 -0.004434386
553 902 -0.012197432
554 4841 -0.020405023
554 992 -0.036353316
555 2883 -0.003304033
555 1787 -0.058106089
559 3885 -0.018483822
560 15766 -0.001342586
560 22968 -0.004756230
560 3885 -0.007599187
563 6819 -0.015098779
563 2423 -0.024155713
564 15267 -0.000615472
566 3885 -0.013194034
567 130 -0.006560014
568 1775 -0.026119558
570 2960 -0.011352511
570 8475 -0.002010957
571 3061 -0.013503766
571 1772 -0.104705838
572 2755 -0.031975952
572 1282 -0.044003834
574 1913 -0.034467465
575 5946 -0.007280157
575 408 -0.014472889
576 1447 -0.016327372
576 116 -0.026935446
577 1726 -0.025698108
578 6594 -0.042817109
578 4165 -0.004908918
580 6819 -0.018366097
581 4212 -0.089500343
581 3920 -0.003725646
581 2963 -0.019146549
582 385 -0.020176480
586 9206 -0.001887138
586 6446 -0.050463601
586 9206 -0.006767216
586 8361 -0.005757300
587 2649 -0.023082394
588 847 -0.042147913
590 27229 -0.010839260
591 5158 -0.001171832
591 957 -0.088610098
591 1154 -0.003392305
591 632 -0.076379153
593 284 -0.005802923
594 2142 -0.041121698
595 1328 -0.031937097
597 1599 -0.041396010
598 8346 -0.005092348
598 11813 -0.009521227
599 3191 -0.023066762
603 16415 -0.011703168
603 1568 -0.008233381
603 1186 -0.001454265
604 1933 -0.003612156
611 1254 -0.097877337
614 2332 -0.039013018
614 669 -0.017229731
617 7270 -0.010844962
618 41192 -0.001011990
618 6869 -0.017369575
619 10214 -0.003493365
619 2450 -0.004135464
621 6507 -0.001938456
622 993 -0.001827413
623 43680 -0.000317399
623 771 -0.001546012
623 272 -0.039150287
625 3374 -0.016981144
625 2860 -0.019014530
626 6922 -0.028037017
628 5199 -0.007885249
629 13926 -0.005293255
630 2987 -0.025582140
631 37886 -0.002480725
632 1162 -0.004216922
633 28217 -0.001620077
633 1109 -0.084496460
634 46661 -0.000686698
634 2960 -0.009024977
635 4423 -0.011391459
635 1400 -0.001982118
635 411 -0.017839785
637 34981 -0.000243884
637 673 -0.006775864
638 132 -0.029466535
642 9849 -0.000304021
644 7949 -0.104370649
645 1300 -0.012405250
646 3637 -0.082556830
647 1155 -0.067189635
648 51888 -0.000080754
648 30414 -0.002454551
648 1574 -0.025407964
648 1586 -0.007739775
649 2941 -0.008312326
650 50023 -0.000085194
650 3962 -0.044822961
650 1103 -0.095407118
652 5174 -0.002988434
652 16 -0.009957827
653 51606 -0.000535577
654 8039 -0.020578433
654 967 -0.027606879
655 3299 -0.053548037
656 856 -0.012098983
658 931 -0.014196298
660 20098 -0.026679720
661 402 -0.036708486
662 1372 -0.010786609
664 59 -0.016934074
665 1190 -0.010608847
667 6074 -0.023654479
668 6942 -0.005032524
668 931 -0.029026985
669 1725 -0.009399218
671 808 -0.009772374
672 5723 -0.008194004
673 1633 -0.033601808
675 863 -0.006007150
675 1273 -0.014391323
676 14113 -0.002856436
676 5549 -0.005569454
676 3637 -0.065452720
678 13006 -0.002219645
678 7506 -0.051703570
678 1612 -0.003831345
679 3802 -0.037551107
680 118 -0.015747856
682 7540 -0.033046990
685 1728 -0.055808223
686 354 -0.048586226
687 49656 -0.000517460
687 9922 -0.016213040
691 661 -0.027564166
693 1354 -0.020654277
695 1057 -0.059561517
700 1423 -0.017025698
703 49122 -0.000604287
704 6273 -0.003531535
704 1493 -0.007859274
705 6560 -0.009333154
705 6359 -0.049239580
705 814 -0.027966827
706 175 -0.008367986
707 5863 -0.012491514
708 6358 -0.018052900
708 1830 -0.001472218
710 1135 -0.066087061
714 49711 -0.000967237
714 1730 -0.009017990
714 507 -0.006531686
717 1973 -0.032735278
718 2702 -0.025846011
719 30977 -0.000819606
724 13185 -0.003048858
724 3802 -0.001461457
726 1474 -0.002810157
727 824 -0.004785718
731 20817 -0.010675447
731 270 -0.007076999
734 1737 -0.044628836
735 27131 -0.001746171
735 1727 -0.027087766
735 949 -0.050090564
737 1883 -0.011342919
737 173 -0.006370795
737 1515 -0.026342704
740 4116 -0.021940275
740 5677 -0.036544343
741 30609 -0.002556773
741 4573 -0.056338375
742 1702 -0.021598427
744 9624 -0.010017359
747 2179 -0.021974838
750 1663 -0.028795077
751 25741 -0.005218300
753 46253 -0.000156487
753 561 -0.016484156
754 32539 -0.002288429
756 49897 -0.000387469
759 6560 -0.017922947
761 955 -0.170618201
762 291 -0.046295032
763 2763 -0.011360763
763 1221 -0.039054654
764 26462 -0.004339063
764 927 -0.028825428
764 1064 -0.027852578
767 1545 -0.001480823
769 23174 -0.003159969
770 2236 -0.003149869
770 691 -0.024747842
772 207 -0.010513289
773 1979 -0.002256527
773 7220 -0.130429688
773 1900 -0.042221725
774 2573 -0.014305318
775 188 -0.054182966
775 1573 -0.009265807
776 2791 -0.012610904
777 4421 -0.045895917
777 3130 -0.005919668
778 14972 -0.013579073
779 323 -0.012346145
784 1774 -0.034299311
785 605 -0.006790536
787 41862 -0.001404305
787 341 -0.021803368
787 1647 -0.018330808
788 4269 -0.005632920
790 51859 -0.000088374
790 1724 -0.025548385
791 6178 -0.011214468
791 6721 -0.066164209
791 1518 -0.005888302
791 141 -0.002688639
792 7635 -0.038397047
795 2470 -0.007687245
795 1586 -0.001805377
795 1501 -0.003636256
797 41 -0.043204273
798 610 -0.025547483
799 5602 -0.017517863
799 3510 -0.004830700
800 12139 -0.000559873
801 4310 -0.000626052
802 33022 -0.006826622
803 1153 -0.007561123
805 8148 -0.002089606
805 1289 -0.010857646
808 1811 -0.048061966
810 6395 -0.003377270
813 1396 -0.029229560
814 9897 -0.019719110
815 1882 -0.038918131
818 7992 -0.020027185
819 949 -0.018670334
819 998 -0.011266425
820 1153 -0.008741586
820 753 -0.007015707
821 7085 -0.025358280
823 1493 -0.023161876
823 93 -0.001628652
824 3527 -0.021831101
826 17560 -0.002228107
828 237 -0.045817649
833 10298 -0.021121731
836 611 -0.022535334
836 3904 -0.023431210
836 2086 -0.003658975
841 2941 -0.002199486
844 14515 -0.016788628
844 7115 -0.001315180
844 17342 -0.009713765
849 940 -0.002503307
849 1288 -0.001870121
850 1763 -0.080239967
853 4744 -0.012999884
853 3335 -0.015310173
854 46504 -0.001846057
855 826 -0.007779588
856 1618 -0.037345527
857 4418 -0.013497314
857 4250 -0.007092427
858 1546 -0.043424469
859 10881 -0.004998411
859 7519 -0.066762757
861 46466 -0.000905179
861 8237 -0.009749953
861 5846 -0.000367685
862 12449 -0.016223756
862 1823 -0.004821294
863 368 -0.055417669
866 885 -0.018740756
866 614 -0.014597720
867 2781 -0.063926928
869 906 -0.005000658
870 3120 -0.005162448
870 453 -0.042303284
871 13263 -0.028693556
871 96 -0.041035250
873 710 -0.053480937
878 4334 -0.006711446
879 1626 -0.020684483
880 5429 -0.019983834
882 41 -0.015533430
883 442 -0.008201872
888 38212 -0.000187002
889 18710 -0.003851384
890 8711 -0.051146236
891 51640 -0.000580296
891 44779 -0.000522402
892 5729 -0.059073016
892 2929 -0.052350788
892 1941 -0.032703760
893 19306 -0.004740757
893 10228 -0.008326248
895 2385 -0.014227599
896 31773 -0.001528751
896 1875 -0.028590973
897 10187 -0.013708330
898 23277 -0.009796280
900 47727 -0.000686892
900 27670 -0.001313179
900 1287 -0.009265233
901 5436 -0.010573905
902 1549 -0.024018202
904 2604 -0.014052833
904 1239 -0.001171344
906 167 -0.002826576
907 6558 -0.014767221
907 1004 -0.028556034
909 3839 -0.045891537
909 507 -0.002105031
911 724 -0.017266937
912 24546 -0.001711332
912 1281 -0.049126260
914 886 -0.008193109
915 1521 -0.038942489
916 9960 -0.018301794
918 21085 -0.003358785
919 1752 -0.018551249
920 5390 -0.018798144
922 344 -0.058433863
923 10402 -0.016414270
923 6592 -0.000034252
927 14002 -0.003932788
927 3360 -0.006014567
928 24554 -0.012405137
928 5436 -0.004845600
928 2775 -0.029425149
930 4460 -0.001983433
932 1767 -0.013122723
932 1880 -0.017121824
935 3389 -0.013010927
936 1190 -0.024294816
937 360 -0.028039515
938 1770 -0.024426475
938 1128 -0.011749936
940 16907 -0.005645257
940 154 -0.006395736
941 2827 -0.019569983
941 1259 -0.022720693
942 1237 -0.036042124
945 1888 -0.037027569
946 17450 -0.024290091
948 7012 -0.006374954
949 1264 -0.099291002
951 1750 -0.082033245
952 5957 -0.000204290
952 880 -0.027976345
954 3440 -0.006033489
954 1495 -0.000891973
955 208 -0.005107357
957 815 -0.008008876
958 1945 -0.034788690
959 526 -0.031986904
960 50709 -0.000540396
962 2387 -0.014450294
962 1292 -0.009549801
964 4208 -0.020810457
964 660 -0.022276896
965 26 -0.028782015
968 146 -0.018824373
968 4486 -0.032882547
969 297 -0.065624615
970 680 -0.021397326
971 3057 -0.002060959
972 1445 -0.032992341
974 695 -0.037109177
976 11983 -0.003556409
976 4863 -0.028398670
976 1344 -0.022670991
980 19155 -0.009013798
980 29084 -0.002642632
983 1698 -0.024421963
985 49675 -0.001104418
985 4674 -0.046918504
987 4118 -0.052012389
988 7596 -0.001718629
990 44334 -0.001558169
990 3599 -0.012950641
995 19756 -0.012662884
997 12418 -0.000091968
998 1518 -0.021507263
999 3173 -0.006212092
1000 146 -0.008088637
1003 35700 -0.002436092
1003 12679 -0.026067325
1003 1237 -0.022818595
1004 1294 -0.018700190
1005 4709 -0.010125128
1007 22492 -0.000660331
1007 4966 -0.029928714
1007 1472 -0.107112138
1008 493 -0.010809365
1011 3120 -0.069013152
1012 40014 -0.000560144
1014 11615 -0.006348112
1014 4061 -0.040602134
1014 143 -0.043450106
1016 3445 -0.079063030
1017 1021 -0.005569712
1018 317 -0.009390058
1020 1075 -0.026555303
1024 5855 -0.046769056
1029 4514 -0.006307212
1029 4524 -0.008090516
1029 5855 -0.051752883
1029 2898 -0.003051042
1029 1782 -0.008832254
1029 1806 -0.030232037
1030 18756 -0.004233122
1031 692 -0.009549764
1032 5625 -0.006741046
1033 12313 -0.024668214
1035 9327 -0.029840336
1035 435 -0.062482499
1036 3841 -0.000051144
1036 1137 -0.000012920
1037 1178 -0.068714112
1038 7576 -0.037302198
1039 44955 -0.000573094
1041 13495 -0.000234480
1041 1127 -0.027971733
1043 13482 -0.007032769
1043 295 -0.026631618
1043 762 -0.052158846
1045 3748 -0.085879783
1048 43273 -0.003184610
1048 2608 -0.153245647
1049 3509 -0.017604744
1049 1611 -0.016970819
1050 37153 -0.005055412
1051 4546 -0.014677812
1052 19399 -0.009914224
1058 4807 -0.001104567
1059 37625 -0.000798745
1060 8861 -0.002524347
1061 12268 -0.015848164
1063 781 -0.021841323
1063 1772 -0.020082234
1064 19073 -0.010348244
1065 1651 -0.004326182
1069 583 -0.030175524
1070 6512 -0.038071888
1071 37 -0.024774448
1071 817 -0.013432264
1071 2207 -0.017641185
1072 1889 -0.002036681
1073 82 -0.032127155
1074 19215 -0.000345903
1074 10248 -0.021999626
1076 3390 -0.018457332
1076 1804 -0.002708905
1078 4532 -0.066145452
1081 3918 -0.022504409
1081 796 -0.013055466
1083 9719 -0.000414694
1086 3031 -0.009108141
1087 3838 -0.077776462
1087 2184 -0.001956191
1089 4141 -0.014644966
1091 273 -0.073134190
1092 11328 -0.003381963
1093 12418 -0.011504288
1093 355 -0.042856496
1095 19319 -0.010022641
1095 1654 -0.021165768
1096 1129 -0.038378874
1097 4600 -0.009047991
1097 2986 -0.025156237
1100 2 -0.023688768
1101 434 -0.006727022
1101 2178 -0.016608269
1102 46603 -0.000324587
1102 3334 -0.029645575
1103 1539 -0.028380074
1104 50717 -0.000596310
1104 1141 -0.001439951
1105 610 -0.011898378
1106 1323 -0.016335647
1107 36931 -0.000851348
1107 8023 -0.026242631
1108 4418 -0.011319432
1108 385 -0.063289659
1109 824 -0.032340159
1111 639 -0.017896952
1112 3747 -0.007352148
1112 1414 -0.001038032
1115 2697 -0.047279673
1116 45347 -0.002018472
1116 7764 -0.014119097
1118 82 -0.022248046
1119 42083 -0.000303961
1119 4660 -0.007200600
1122 8262 -0.008627501
1123 6557 -0.005592550
1123 6413 -0.024645371
1125 82 -0.016359017
1125 1238 -0.029709015
1125 38 -0.025171263
1126 3680 -0.003554633
1126 441 -0.021287538
1127 30089 -0.000368187
1128 4165 -0.010955738
1128 1183 -0.002728403
1129 1320 -0.001225653
1130 3539 -0.042443359
1132 1787 -0.055341576
1133 9331 -0.017709071
1134 26585 -0.004410456
1135 21298 -0.005327123
1136 3342 -0.054159643
1136 5071 -0.030208490
1141 3924 -0.033070191
1143 4148 -0.023778380
1143 1909 -0.033060086
1145 1396 -0.077728107
1146 12417 -0.001001836
1147 3216 -0.029935709
1148 969 -0.010825765
1151 51914 -0.000821361
1151 26246 -0.001159804
1151 25393 -0.000501246
1152 3012 -0.037269205
1153 3539 -0.031271090
1154 82 -0.049293762
1154 3800 -0.009700747
1155 9697 -0.002811876
1155 611 -0.010256291
1156 6331 -0.005132892
1156 2827 -0.014629367
1157 14710 -0.001031745
1160 146 -0.027979423
1162 12761 -0.000114772
1163 796 -0.004215371
1163 589 -0.013900155
1164 5679 -0.021891502
1164 2344 -0.019512000
1165 1448 -0.034140416
1165 1228 -0.015827490
1166 82 -0.001043522
1167 1992 -0.060563167
1167 3057 -0.003583720
1167 473 -0.004280473
1169 3225 -0.022972071
1170 1360 -0.035270046
1171 6126 -0.011097496
1171 2337 -0.024515442
1171 918 -0.043293285
1175 8318 -0.023665640
1176 4782 -0.029638033
1177 3203 -0.042738165
1179 173 -0.011518303
1180 7078 -0.005746137
1181 565 -0.029391176
1181 212 -0.030408318
1182 2484 -0.039517187
1184 11257 -0.017218368
1184 98 -0.074383752
1185 5618 -0.006160483
1186 36240 -0.002500160
1187 2484 -0.002673266
1189 5776 -0.025003442
1189 2874 -0.008917740
1192 16350 -0.001794708
1193 22787 -0.012488129
1194 414 -0.012359786
1195 49231 -0.000531046
1195 5290 -0.028814069
1196 14578 -0.000226500
1196 1639 -0.082703863
1197 1493 -0.029854662
1201 3917 -0.020135099
1202 3015 -0.003175866
1203 6062 -0.001326709
1208 51186 -0.000404928
1208 1776 -0.001248262
1208 3205 -0.004590639
1209 1708 -0.006546014
1210 7150 -0.012181710
1211 652 -0.067507866
1214 47291 -0.001286709
1216 1141 -0.015887670
1216 536 -0.047105793
1216 222 -0.080163269
1217 14609 -0.022148935
1217 2379 -0.071531744
1220 556 -0.008918042
1221 17821 -0.006487172
1221 337 -0.006342457
1223 7011 -0.055834462
1227 8735 -0.007945666
1227 3800 -0.071593662
1228 1294 -0.003140579
1229 1640 -0.070619268
1231 50791 -0.000588493
1232 4310 -0.011261549
1233 997 -0.001542649
1235 12105 -0.016684880
1236 1694 -0.031606538
1236 1761 -0.022413998
1236 640 -0.063085428
1237 50096 -0.000152950
1237 3877 -0.026003834
1237 469 -0.003684666
1237 954 -0.002090952
1240 345 -0.051029217
1242 1286 -0.055308907
1244 2419 -0.038366030
1246 3771 -0.017457779
1248 50018 -0.000784685
1248 25300 -0.003943280
1248 14252 -0.047309851
1248 1854 -0.007386695
1249 993 -0.128804357
1251 14478 -0.003609396
1254 1917 -0.039518181
1254 2237 -0.040974293
1256 385 -0.007333692
1256 220 -0.043697736
1257 240 -0.000412904
1257 739 -0.004172443
1261 7223 -0.009834475
1261 1954 -0.001459075
1262 11679 -0.002358558
1263 9524 -0.006147490
1263 7622 -0.012773935
1263 1680 -0.030515861
1265 6370 -0.013217039
1265 2187 -0.008980375
1265 4459 -0.021924519
1267 3827 -0.002425850
1270 2366 -0.013306695
1270 1473 -0.057630023
1271 1360 -0.047572945
1271 784 -0.006789308
1272 31863 -0.000791037
1272 1769 -0.000287317
1274 2782 -0.025220721
1276 7559 -0.008289935
1276 3824 -0.009803168
1276 1238 -0.050068020
1277 630 -0.013178770
1277 1957 -0.037864188
1279 35092 -0.000433423
1281 213 -0.022074608
1284 1692 -0.016851968
1287 45616 -0.000121458
1289 40761 -0.005286523
1289 1571 -0.008156585
1291 35902 -0.000154963
1291 2323 -0.021918240
1293 11994 -0.016902191
1293 1149 -0.015393974
1293 1822 -0.014045430
1294 270 -0.022023183
1295 572 -0.018441981
1296 5947 -0.031272088
1296 6309 -0.062393518
1297 7224 -0.010314341
1298 727 -0.044830916
1302 1149 -0.021517338
1302 3632 -0.013459789
1305 1470 -0.067142144
1305 1366 -0.031177437
1309 1296 -0.017386398
1311 2459 -0.014968218
1311 1944 -0.003539468
1314 2775 -0.009815168
1314 2972 -0.075344318
1316 537 -0.035791426
1317 44710 -0.000768968
1317 7841 -0.075656675
1318 3842 -0.002018952
1318 1989 -0.013267423
1321 4757 -0.013805704
1323 1633 -0.011831533
1323 261 -0.104273399
1325 1315 -0.018897610
1326 16540 -0.001016404
1328 1276 -0.015133291
1329 51501 -0.000078770
1329 2554 -0.047899606
1330 6595 -0.027206470
1331 4049 -0.019733985
1332 1547 -0.033231385
1332 1593 -0.012313047
1333 2217 -0.005175192
1336 1452 -0.011408381
1337 862 -0.015763473
1339 13260 -0.000588441
1339 1667 -0.021109685
1341 36239 -0.004469277
1342 22265 -0.003243816
1342 4608 -0.025534261
1343 7005 -0.037055577
1344 48476 -0.000666005
1345 41251 -0.001170527
1345 405 -0.011220570
1345 6869 -0.010208542
1345 3028 -0.000657207
1348 3664 -0.138069058
1350 29575 -0.002652473
1352 965 -0.058415104
1353 458 -0.072201375
1353 746 -0.012046931
1355 1736 -0.011543689
1359 1876 -0.021436957
1360 5388 -0.032916665
1360 4707 -0.006112536
1360 1470 -0.014524394
1361 4954 -0.001101277
1364 5409 -0.028186092
1364 864 -0.024441653
1367 50305 -0.000171924
1370 13549 -0.002608397
1370 631 -0.147882916
1373 1246 -0.012298781
1374 39784 -0.002427016
1375 1067 -0.008543079
1377 37614 -0.003974804
1377 473 -0.067066902
1377 271 -0.006033755
1378 45908 -0.001322716
1378 188 -0.018106674
1380 27365 -0.006683888
1380 1925 -0.034867986
1381 11995 -0.003278806
1381 1982 -0.000712393
1381 442 -0.009558581
1384 1066 -0.025090352
1384 1599 -0.005715264
1387 21977 -0.015127634
1387 9063 -0.044797885
1388 1599 -0.003153648
1389 6993 -0.003301953
1391 1630 -0.009781122
1392 2023 -0.052867422
1396 8374 -0.014109913
1399 5933 -0.006335634
1399 2376 -0.016193367
1399 399 -0.008421692
1400 3117 -0.008551216
1403 1036 -0.029946004
1405 26306 -0.003390562
1405 1658 -0.134283360
1406 7595 -0.049864331
1407 258 -0.022535073
1410 3641 -0.003532806
1413 6916 -0.035339903
1415 4269 -0.091952383
1416 6417 -0.001498358
1416 1358 -0.008143733
1418 903 -0.044113145
1419 4743 -0.004691382
1419 8572 -0.002776911
1420 1939 -0.031215235
1421 1849 -0.077472080
1422 6178 -0.059022839
1424 5847 -0.005302750
1424 10871 -0.061010964
1426 2590 -0.003756239
1427 10409 -0.011045119
1428 1205 -0.011612953
1431 3442 -0.014644023
1433 42241 -0.001564021
1434 4390 -0.037197372
1435 7101 -0.023115603
1435 1425 -0.103842585
1436 956 -0.016089106
1437 21193 -0.000919796
1437 1777 -0.008396526
1440 3568 -0.001359358
1441 605 -0.054737981
1444 323 -0.046581389
1444 1020 -0.013129439
1445 652 -0.024664185
1446 52022 -0.000117318
1446 1982 -0.024975401
1446 951 -0.003063520
1448 9206 -0.001858621
1449 18192 -0.001921441
1449 1558 -0.012117625
1451 51684 -0.000659884
1452 15830 -0.002517339
1452 354 -0.024973493
1454 7883 -0.000444258
1454 1064 -0.005881525
1455 1289 -0.018479859
1456 12245 -0.016450560
1456 190 -0.001920731
1457 21045 -0.001635036
1459 24435 -0.002082060
1463 10993 -0.033820544
1464 2727 -0.000170010
1465 3083 -0.061927159
1466 981 -0.012873561
1467 46269 -0.001981358
1467 1237 -0.016200997
1469 11 -0.001671575
1469 1755 -0.119963876
1470 4418 -0.022535040
1473 44395 -0.001415776
1475 1866 -0.061500445
1475 1595 -0.010151344
1476 6857 -0.016388984
1476 2229 -0.032250845
1478 2861 -0.012460087
1478 825 -0.010890461
1479 9390 -0.016770039
1480 32728 -0.000547652
1481 1769 -0.033419026
1482 5482 -0.020180403
1484 36272 -0.006210494
1486 1 -0.079074686
1487 1476 -0.110616526
1487 2703 -0.088559183
1488 14265 -0.006819683
1489 49600 -0.002993639
1490 1437 -0.006839355
1492 5719 -0.011877646
1493 4064 -0.026416347
1493 2122 -0.018286501
1496 2442 -0.014115521
1497 4208 -0.001661491
1497 1486 -0.027560099
1498 879 -0.004448381
1500 10171 -0.004514746
1501 294 -0.029021244
1502 8820 -0.015816387
1502 4943 -0.033462609
1504 909 -0.047589910
1504 614 -0.097095081
1505 5619 -0.003220037
1505 546 -0.117849704
1506 1286 -0.051527969
1507 817 -0.031395129
1507 2494 -0.010900311
1507 1955 -0.018615858
1510 83 -0.029437161
1511 1268 -0.038614385
1513 11114 -0.011146959
1513 1814 -0.013115132
1516 900 -0.095451843
1517 635 -0.012087444
1518 26392 -0.000965110
1518 132 -0.017327444
1518 92 -0.007704396
1519 12373 -0.012970357
1520 4510 -0.005361472
1524 1383 -0.011737945
1524 1105 -0.138168275
1525 5114 -0.010628120
1526 550 -0.134197627
1526 107 -0.039799674
1527 4806 -0.003686710
1528 25277 -0.009262926
1530 12483 -0.007417389
1531 1603 -0.053104016
1532 762 -0.005891661
1533 2392 -0.013124788
1534 4623 -0.001032378
1535 2194 -0.043307883
1537 6678 -0.011015541
1537 3140 -0.011386092
1537 1574 -0.047427570
1540 1251 -0.037497834
1541 32713 -0.001713304
1541 9286 -0.049794672
1541 4037 -0.002365437
1541 2235 -0.001561005
1542 10928 -0.015619447
1542 4438 -0.039969900
1544 2352 -0.009158230
1546 12261 -0.009807177
1548 3794 -0.002598892
1548 2470 -0.011321676
1549 12373 -0.014141480
1549 4720 -0.088308658
1552 3652 -0.076289403
1552 1128 -0.036757327
1553 2435 -0.030024439
1555 10155 -0.027958134
1556 2341 -0.005583253
1558 7000 -0.017598453
1558 320 -0.017947192
1558 376 -0.037908296
1558 1235 -0.038355302
1559 7990 -0.032466470
1562 3884 -0.018220805
1563 11267 -0.011158223
1563 817 -0.098203578
1566 12860 -0.004869526
1566 2567 -0.066526314
1571 239 -0.035960369
1572 10134 -0.011370216
1572 5243 -0.004642993
1572 532 -0.012348965
1573 1125 -0.049317715
1573 610 -0.011819380
1574 47597 -0.000739177
1574 21012 -0.007878362
1575 436 -0.029810001
1576 901 -0.007284859
1577 4693 -0.022272862
1577 3475 -0.008927808
1578 2385 -0.016082666
1579 6126 -0.003363591
1583 478 -0.025106210
1585 3641 -0.001275180
1586 45200 -0.000462612
1586 7696 -0.001991498
1586 5221 -0.048031276
1587 10497 -0.016235419
1588 2959 -0.025595699
1592 8689 -0.017598331
1592 971 -0.030760160
1593 10103 -0.017830506
1593 5208 -0.055706754
1594 649 -0.099649147
1594 1234 -0.003513161
1596 4585 -0.005560333
1597 25440 -0.005267133
1597 493 -0.010982050
1597 1955 -0.048994386
1598 3279 -0.004474464
1599 11759 -0.018071741
1600 1489 -0.012427718
1600 1706 -0.021534561
1601 51265 -0.000424995
1601 20658 -0.001124636
1601 525 -0.008993040
1601 106 -0.013915368
1603 1474 -0.003720473
1605 4475 -0.035760416
1605 420 -0.046320760
1606 1518 -0.002436040
1606 5729 -0.023061941
1608 6419 -0.017698818
1613 5276 -0.017207477
1615 3210 -0.009198842
1615 1990 -0.045955438
1616 4054 -0.006513481
1616 300 -0.019332739
1616 551 -0.003545716
1618 14967 -0.016046528
1619 1321 -0.006166245
1620 2015 -0.029508596
1621 50598 -0.001315863
1621 149 -0.070276271
1622 210 -0.020705603
1623 35690 -0.000353632
1624 11908 -0.061433814
1624 932 -0.034164287
1626 14891 -0.035032798
1629 8056 -0.000994426
1629 4565 -0.047804704
1629 1022 -0.018700054
1630 13465 -0.013356486
1631 172 -0.064007111
1633 27 -0.036623604
1633 156 -0.018933578
1634 2926 -0.007617411
1636 1457 -0.098200113
1636 1423 -0.017186992
1637 2510 -0.031551752
1638 1079 -0.094281838
1640 22481 -0.000741568
1640 1001 -0.036400102
1641 5926 -0.002047362
1641 1425 -0.060589495
1641 3044 -0.001814376
1641 1259 -0.121992090
1642 6704 -0.011929722
1643 176 -0.025265846
1643 855 -0.009511004
1644 2120 -0.025260284
1645 14308 -0.012499879
1645 3234 -0.083631503
1645 2041 -0.001707011
1646 889 -0.033914092
1646 3203 -0.048465940
1647 2607 -0.089407869
1647 2155 -0.022742931
1648 4461 -0.006253991
1648 712 -0.010045806
1649 2149 -0.019209705
1650 159 -0.016674646
1653 20146 -0.004497611
1653 7013 -0.003214350
1653 11126 -0.023256693
1653 1912 -0.019369592
1654 950 -0.042693432
1655 4471 -0.062031858
1659 2404 -0.034131434
1661 5891 -0.035556305
1661 1155 -0.009128244
1664 2476 -0.017167017
1666 8039 -0.001554172
1667 1259 -0.009554821
1667 4094 -0.010386338
1667 5921 -0.030817161
1668 5612 -0.001359286
1670 3675 -0.024729363
1672 12885 -0.014903326
1672 858 -0.020772288
1675 6114 -0.001518135
1675 3482 -0.041092371
1675 904 -0.000817075
1676 3462 -0.056768503
1679 8553 -0.016746550
1682 31394 -0.000525540
1682 4413 -0.003050744
1683 13333 -0.004581966
1684 50817 -0.000928832
1684 7261 -0.023424968
1684 10679 -0.008458055
1684 1693 -0.002343461
1686 949 -0.033249326
1686 38 -0.045480361
1688 162 -0.002717649
1689 29132 -0.003252988
1689 5470 -0.040160637
1689 5437 -0.005836505
1690 9649 -0.002516511
1693 11164 -0.003975983
1693 2052 -0.051293459
1693 2977 -0.015341902
1694 4516 -0.001497690
1695 132 -0.041942038
1697 1109 -0.008959914
1698 2143 -0.021461283
1698 296 -0.022136527
1701 4236 -0.003862479
1701 16304 -0.006861451
1701 14982 -0.014917200
1704 619 -0.007699723
1705 1444 -0.007398611
1706 1150 -0.044144268
1707 1188 -0.028339875
1707 718 -0.009561794
1712 1200 -0.031059903
1714 308 -0.023008353
1715 4033 -0.015802112
1718 4863 -0.050716289
1720 1766 -0.008668108
1720 1771 -0.002921199
1721 3676 -0.069226730
1721 1731 -0.001894241
1722 9406 -0.035512948
1726 5679 -0.004299524
1726 2129 -0.005702304
1729 542 -0.011128106
1730 4680 -0.022855026
1731 2315 -0.000853060
1731 647 -0.005605400
1732 627 -0.002611977
1732 1469 -0.042662302
1733 9132 -0.001709559
1733 7949 -0.012690553
1734 4647 -0.030198358
1734 4727 -0.019083973
1736 5908 -0.022601654
1736 2720 -0.035652942
1738 3632 -0.011568812
1738 1586 -0.130458489
1738 137 -0.000650678
1739 7548 -0.005636649
1741 5097 -0.004409450
1742 49399 -0.000387925
1743 27 -0.036886578
1743 11 -0.067901516
1744 2641 -0.027532505
1744 1209 -0.017237680
1746 371 -0.024214056
1747 37623 -0.001837946
1747 10242 -0.003900354
1747 4170 -0.043076186
1747 2607 -0.016562482
1747 854 -0.031731530
1748 5092 -0.078409588
1749 9285 -0.022436756
1751 3632 -0.028547692
1751 1767 -0.004473291
1752 2876 -0.006426672
1752 5097 -0.057450932
1753 329 -0.023732610
1754 50416 -0.000598129
1754 1076 -0.015007869
1754 1074 -0.003404817
1755 8331 -0.013431913
1755 10231 -0.006138827
1755 7261 -0.009614947
1756 51003 -0.004615699
1756 2420 -0.003512953
1758 3909 -0.014917721
1759 1881 -0.031436938
1762 1184 -0.004959426
1763 405 -0.015433072
1763 860 -0.022906106
1766 1724 -0.034809283
1770 178 -0.051891423
1770 1794 -0.046679632
1770 978 -0.044914082
1771 4820 -0.016325246
1771 1 -0.047287738
1771 1668 -0.073775978
1772 3812 -0.011375295
1774 1299 -0.017825363
1774 5199 -0.004437478
1775 3174 -0.009086098
1778 9059 -0.048821699
1778 3188 -0.039413630
1779 16230 -0.017326053
1781 9063 -0.000628170
1781 3499 -0.001797266
1784 127 -0.025235451
1786 178 -0.101632102
1787 1586 -0.018637059
1788 1981 -0.007876289
1789 1343 -0.008893821
1790 9593 -0.046813593
1791 9630 -0.011611468
1792 50541 -0.001310801
1792 191 -0.001840896
1793 3994 -0.035231882
1796 159 -0.006244705
1796 318 -0.169089245
1797 3565 -0.003090514
1798 3392 -0.001559165
1798 1053 -0.019635217
1801 3838 -0.015563830
1803 51388 -0.000001993
1805 1046 -0.000753180
1806 399 -0.002365469
1808 2913 -0.027474826
1810 3203 -0.041581720
1810 1097 -0.004348736
1811 4744 -0.022227334
1811 489 -0.113730266
1814 995 -0.038223307
1815 6062 -0.024644235
1819 5436 -0.000521536
1822 859 -0.061243534
1823 12285 -0.004451372
1823 535 -0.067080087
1826 202 -0.013075173
1830 9524 -0.013639676
1830 1349 -0.052732904
1830 42 -0.021981952
1833 1853 -0.032957684
1833 263 -0.100494705
1834 27203 -0.003730353
1834 2807 -0.006785682
1835 18822 -0.027363835
1835 1690 -0.009872035
1837 300 -0.015065540
1838 1807 -0.024908933
1839 42129 -0.001386079
1839 2295 -0.036764114
1841 5505 -0.025444893
1841 808 -0.000095438
1842 9042 -0.028094210
1842 1405 -0.005765379
1845 44864 -0.001987177
1845 1383 -0.047588588
1846 3648 -0.005461671
1846 155 -0.038543310
1846 3202 -0.027049464
1847 9648 -0.012714990
1848 11423 -0.008723438
1849 718 -0.007584080
1850 4022 -0.021554211
1852 14391 -0.024759055
1853 300 -0.010081804
1853 2978 -0.075951120
1854 555 -0.025560154
1858 2918 -0.079488406
1859 14019 -0.002119893
1859 10799 -0.019446494
1860 1487 -0.041156589
1860 1778 -0.036318264
1862 11 -0.011822811
1862 524 -0.023906015
1863 3354 -0.016519574
1863 1811 -0.032971980
1864 7149 -0.001290363
1864 1595 -0.027204335
1866 1828 -0.128333338
1866 1145 -0.061143886
1867 16000 -0.004964496
1867 2551 -0.084422169
1867 30 -0.030844066
1868 65 -0.000743542
1868 1901 -0.008625939
1869 9119 -0.009131536
1869 527 -0.022458056
1874 14664 -0.014207535
1874 4908 -0.011769715
1874 1013 -0.026757947
1875 51424 -0.001480869
1876 6273 -0.025710201
1876 1695 -0.007141265
1877 2340 -0.001810600
1880 46360 -0.000286606
1880 280 -0.056557669
1881 2977 -0.012112073
1881 1902 -0.049629680
1884 1348 -0.028420600
1884 324 -0.069632201
1885 2412 -0.010519541
1885 1563 -0.015491009
1888 4452 -0.008320293
1889 8477 -0.005613310
1889 526 -0.031199075
1894 6163 -0.002775817
1895 10297 -0.045814637
1896 944 -0.001485382
1897 271 -0.017700535
1898 11580 -0.000486554
1898 8735 -0.000573762
1899 12417 -0.003851501
1899 1998 -0.027396594
1902 3422 -0.048539257
1904 3911 -0.011202694
1906 489 -0.040455836
1906 1720 -0.004668803
1908 3189 -0.009291883
1909 1998 -0.112194372
1909 754 -0.000988831
1912 1282 -0.020706742
1913 1881 -0.026425840
1916 4720 -0.040864798
1918 3342 -0.006436797
1919 3422 -0.009484424
1921 6762 -0.002247083
1921 407 -0.017122428
1922 8249 -0.005973151
1922 4269 -0.034108922
1923 15791 -0.006356793
1923 1539 -0.005753580
1924 1120 -0.023148305
1924 1476 -0.035764993
1924 819 -0.011234489
1925 4675 -0.025707163
1925 485 -0.006549997
1925 1811 -0.001082699
1931 13229 -0.013569945
1931 9459 -0.011401592
1931 3884 -0.008728138
1931 827 -0.031430476
1934 12469 -0.014349657
1934 83 -0.112609499
1934 1828 -0.022414173
1936 2864 -0.008365666
1937 7239 -0.085327263
1939 836 -0.002926918
1939 1662 -0.009985751
1942 767 -0.011202925
1943 11896 -0.013958939
1943 1321 -0.007608252
1944 50214 -0.000172895
1944 344 -0.047681838
1944 1292 -0.053557878
1945 1646 -0.019213915
1946 9623 -0.007140122
1946 2864 -0.020795771
1947 11735 -0.003839505
1947 3120 -0.003290922
1947 8040 -0.043283640
1947 331 -0.003613534
1948 307 -0.013435796
1948 22127 -0.007780186
1952 2520 -0.037016458
1954 28486 -0.007591440
1955 11065 -0.042024605
1955 1330 -0.060189739
1957 1493 -0.007819255
1958 172 -0.005054081
1960 7985 -0.025082103
1960 4384 -0.003376077
1960 1636 -0.029500383
1962 5595 -0.008757854
1964 1629 -0.001601362
1965 630 -0.018399747
1967 6535 -0.092002869
1967 393 -0.000653529
1967 1637 -0.025759672
1968 383 -0.002559849
1969 4846 -0.008016831
1972 1296 -0.046005436
1974 6535 -0.016069063
1975 10213 -0.002639026
1975 98 -0.092480549
1977 4421 -0.015652261
1977 119 -0.003265307
1978 3210 -0.038549149
1980 812 -0.035730586
1981 10242 -0.023591973
1983 1510 -0.017163673
1987 11077 -0.006155100
1987 678 -0.057740031
1990 5798 -0.034288055
1990 2138 -0.013210141
1991 176 -0.036382677
1992 3380 -0.025820924
1993 25493 -0.006916099
1993 18982 -0.005302181
1994 7224 -0.006868777
1994 1417 -0.056229728
1997 9143 -0.002877919
1998 6069 -0.002970181
1999 517 -0.135110536
1999 421 -0.010461356
1999 247 -0.009663493
2000 3797 -0.014471030
2000 76 -0.002519299
2000 2087 -0.022737064
2002 1495 -0.013158994
2003 2221 -0.010283583
2003 1361 -0.009953268
2005 88 -0.001714748
2007 1885 -0.031162041
2007 892 -0.033524793
2010 1503 -0.048339230
2011 9631 -0.010646734
2011 493 -0.000243578
2012 1981 -0.000975872
2016 1873 -0.020183039
2020 9106 -0.004686519
2021 5157 -0.030171253
2021 786 -0.052103605
2023 514 -0.054311197
2024 652 -0.021731840
2024 1726 -0.048753639
2027 6356 -0.006081073
2029 1474 -0.003645065
2030 3057 -0.001801649
2030 50 -0.026935963
2031 7514 -0.004935181
2031 406 -0.014920621
2032 131 -0.001943235
2033 3801 -0.018787770
2034 21416 -0.002425359
2035 7261 -0.075708256
2035 342 -0.010747837
2035 1541 -0.000284338
2036 6166 -0.005527391
2037 15854 -0.002326028
2037 1051 -0.000205277
2038 16602 -0.004648000
2039 3483 -0.004049232
2040 1488 -0.004731508
2041 3632 -0.016272278
2042 39178 -0.000023944
2042 25168 -0.000024910
2042 12338 -0.013892463
2042 3342 -0.003790074
2043 1339 -0.007498211
2044 5827 -0.043565698
2044 2540 -0.064719664
2044 1872 -0.011371536
2045 16959 -0.009882473
2046 110 -0.011514899
2047 135 -0.013751731
2048 572 -0.000613903
2049 3691 -0.078254638
2052 1226 -0.008687364
2052 360 -0.004976210
2056 6517 -0.019984537
2056 5415 -0.110094965
2056 6092 -0.097483238
2057 5122 -0.024083643
2058 1169 -0.020867962
2062 35184 -0.005368914
2063 4270 -0.005657286
2065 4219 -0.067821099
2066 338 -0.008345429
2069 16953 -0.000037313
2069 696 -0.046419556
2071 5616 -0.007495688
2072 4597 -0.016493310
2073 889 -0.059672740
2074 50468 -0.000458567
2075 119 -0.052601542
2076 44919 -0.000558264
2076 1795 -0.125349799
2077 1654 -0.065604087
2078 269 -0.010177944
2078 353 -0.023006801
2080 1290 -0.050148691
2080 763 -0.172685367
2080 1221 -0.029349228
2080 433 -0.014156077
2081 1417 -0.015571258
2082 1027 -0.003141989
2083 2877 -0.019435395
2085 695 -0.016498880
2087 2353 -0.019887650
2088 1950 -0.002412192
2090 3678 -0.078690269
2092 61 -0.040274844
2094 3218 -0.042397906
2094 237 -0.009696417
2096 4727 -0.015928753
2097 2425 -0.017127267
2098 2877 -0.004483290
2098 9391 -0.013288337
2098 1777 -0.007637918
2100 5443 -0.024294618
2100 222 -0.002330324
2102 10425 -0.000562132
2103 10541 -0.001690623
2103 7857 -0.003325429
2104 441 -0.006845956
2105 50981 -0.001147798
2105 4698 -0.033497633
2105 1613 -0.000323544
2107 490 -0.016169834
2109 8024 -0.036057733
2109 1100 -0.056011043
2110 22048 -0.000243596
2110 910 -0.018308015
2111 45588 -0.000613099
2112 28236 -0.003623852
2115 5485 -0.033185737
2115 981 -0.000050479
2115 738 -0.004143326
2117 21139 -0.008687366
2117 9184 -0.016520084
2121 4369 -0.037543858
2121 816 -0.025464368
2125 5472 -0.004919465
2126 3510 -0.004236969
2128 2139 -0.006242854
2131 3098 -0.028620707
2135 8011 -0.002311212
2137 1888 -0.027629245
2138 733 -0.016137111
2139 4355 -0.006630890
2143 17632 -0.002960918
2143 8461 -0.016422964
2144 5288 -0.003799768
2144 1986 -0.039892367
2145 2800 -0.001113924
2146 5173 -0.007724788
2146 1224 -0.065562644
2148 19253 -0.019977059
2150 12105 -0.001287546
2150 1547 -0.000079783
2151 10207 -0.008784254
2152 5747 -0.037826380
2162 33787 -0.000465367
2163 1539 -0.050461302
2165 13083 -0.003621423
2166 4147 -0.009349403
2166 4186 -0.021227288
2166 27 -0.000226432
2168 19488 -0.024451065
2169 7634 -0.043241551
2169 512 -0.036037817
2170 2585 -0.054302325
2171 2642 -0.056361972
2172 328 -0.005669282
2173 48008 -0.001693920
2173 82 -0.000856397
2174 49318 -0.001101576
2174 1101 -0.001619624
2175 2126 -0.041744869
2175 1108 -0.019374568
2177 1192 -0.012689759
2177 340 -0.057527892
2180 2333 -0.012870890
2182 2071 -0.029141071
2182 989 -0.023633826
2183 1329 -0.014246074
2183 1208 -0.028677751
2184 24013 -0.008427257
2185 19817 -0.005162485
2185 3505 -0.009497185
2186 50419 -0.001834147
2186 18107 -0.005327523
2187 1115 -0.089269294
2187 173 -0.064983452
2188 12251 -0.007135276
2188 10125 -0.004202201
2188 1228 -0.038183068
2190 46856 -0.000060708
2191 86 -0.072323125
2192 1802 -0.000807344
2196 36719 -0.000196178
2197 1353 -0.048562825
2197 7239 -0.001849023
2197 447 -0.005503044
2198 4831 -0.026245944
2198 385 -0.007973242
2198 3129 -0.006610844
2200 5846 -0.003909026
2202 45793 -0.000620987
2204 16 -0.009108190
2204 1582 -0.055720847
2205 5934 -0.003999807
2206 661 -0.026441225
2208 4867 -0.111854085
2209 286 -0.070990555
2209 1942 -0.017822215
2210 660 -0.013807526
2210 1637 -0.000244486
2210 1965 -0.001942825
2211 9516 -0.074979807
2213 46410 -0.000965195
2214 3159 -0.017040949
2215 366 -0.015582360
2218 927 -0.000108944
2222 2585 -0.028678908
2223 631 -0.017110385
2226 11790 -0.015757444
2228 1671 -0.000646372
2230 1671 -0.002578743
2233 1631 -0.019174398
2233 631 -0.032213619
2234 26992 -0.007337537
2235 781 -0.010260777
2237 4203 -0.010525626
2238 4354 -0.068876701
2240 5288 -0.021285821
2244 3791 -0.066396638
2244 1441 -0.020377505
2247 2189 -0.004447215
2248 25741 -0.002644795
2249 402 -0.009384523
2250 22819 -0.014779521
2250 1579 -0.044859191
2251 1284 -0.062422327
2252 1947 -0.024228959
2253 3801 -0.036000964
2254 1220 -0.000033908
2255 1021 -0.027414846
2256 5330 -0.016307266
2257 19071 -0.000376184
2258 1272 -0.022690411
2260 3911 -0.077610128
2264 11058 -0.003425222
2264 980 -0.020374438
2264 5049 -0.002977375
2264 1585 -0.011821621
2265 1295 -0.025295974
2265 1732 -0.003974666
2266 1813 -0.003027593
2266 1456 -0.005657310
2268 20045 -0.005484821
2268 8431 -0.015393681
2269 5485 -0.000427913
2270 49840 -0.000388094
2270 246 -0.003785890
2271 4268 -0.002661548
2272 1431 -0.056024723
2273 46449 -0.001079465
2274 632 -0.008673851
2274 904 -0.004536374
2275 6581 -0.005502870
2276 77 -0.019920220
2277 4933 -0.015711500
2279 17639 -0.003935033
2279 1168 -0.011457228
2280 17892 -0.007722303
2282 2411 -0.031274257
2282 427 -0.042684152
2284 980 -0.000662540
2284 3025 -0.029302224
2285 43087 -0.001550013
2285 5823 -0.003944404
2285 388 -0.001693901
2286 5163 -0.013158191
2287 478 -0.000906598
2288 12088 -0.007396636
2291 478 -0.048216109
2291 292 -0.000749762
2292 79 -0.009997139
2293 2857 -0.001509570
2293 1541 -0.080233083
2296 1177 -0.010056460
2297 9588 -0.019193480
2302 1226 -0.022292926
2303 25277 -0.007085712
2304 1240 -0.006490592
2306 42725 -0.000756519
2306 3530 -0.071171075
2308 15864 -0.009488032
2310 37522 -0.003098947
2310 928 -0.017658616
2311 2230 -0.022296828
2311 1758 -0.025691299
2312 6261 -0.008288296
2312 2324 -0.055132624
2313 7273 -0.033075000
2313 3353 -0.020114873
2313 76 -0.046064044
2315 639 -0.061517525
2317 1590 -0.084268407
2318 12274 -0.005716437
2318 4237 -0.025051947
2319 17892 -0.000494161
2320 1710 -0.005854472
2321 1302 -0.016233610
2321 1698 -0.004812365
2323 3601 -0.013642785
2324 6014 -0.019026750
2324 514 -0.000024237
2324 620 -0.031247086
2324 853 -0.034114049
2326 27604 -0.000216370
2326 1813 -0.074408115
2327 5827 -0.015252614
2328 1979 -0.018210914
2329 1658 -0.001458442
2329 984 -0.061532928
2329 380 -0.005431025
2330 7766 -0.017178904
2331 1447 -0.003176208
2333 1297 -0.079894047
2333 66 -0.022190391
2334 700 -0.031884248
2342 1572 -0.011456163
2342 1115 -0.020402221
2342 906 -0.021105125
2346 817 -0.006784246
2348 1346 -0.011386158
2349 12300 -0.010770659
2352 21854 -0.005299771
2353 8336 -0.012862392
2353 909 -0.007632808
2353 1541 -0.037257207
2354 16987 -0.023207556
2357 1598 -0.020362043
2363 5388 -0.002410052
2363 1751 -0.002027926
2365 4426 -0.038621626
2368 34639 -0.000343354
2369 18739 -0.001204621
2370 7832 -0.003456513
2371 976 -0.016749092
2371 4885 -0.014267750
2372 10531 -0.002952230
2372 385 -0.035749578
2373 829 -0.274229643
2375 4386 -0.003275748
2376 1220 -0.004669143
2377 13985 -0.006618995
2377 385 -0.023573366
2381 21397 -0.007243633
2381 2594 -0.060454834
2383 15607 -0.018031030
2384 840 -0.031770293
2385 2908 -0.005857023
2387 5061 -0.016871788
2387 2088 -0.034828807
2388 5580 -0.016217732
2389 3126 -0.016047138
2390 8346 -0.047558009
2391 28225 -0.001262931
2391 6038 -0.044537272
2392 823 -0.043043132
2393 5222 -0.000731522
2395 13318 -0.001677338
2396 264 -0.001333655
2398 4777 -0.003839347
2398 8 -0.013598936
2398 869 -0.064588506
2399 1488 -0.003715402
2402 4166 -0.019435587
2403 5215 -0.001406985
2403 1388 -0.002862111
2404 980 -0.003345346
2404 981 -0.040314422
2405 4647 -0.030013606
2408 7113 -0.008624177
2408 1177 -0.000024235
2410 295 -0.002407203
2410 119 -0.070623974
2411 878 -0.012946067
2412 3513 -0.027825324
2415 11688 -0.012896679
2415 3103 -0.030355365
2415 1829 -0.007987036
2417 1990 -0.020986422
2418 29988 -0.001534217
2419 10418 -0.030349595
2420 5696 -0.059560588
2421 545 -0.007148024
2421 222 -0.003344440
2423 7013 -0.058444704
2423 1769 -0.022705163
2424 3959 -0.014190058
2425 44876 -0.001648831
2425 36163 -0.002248153
2426 659 -0.019852237
2428 23051 -0.010443073
2430 2504 -0.047415402
2430 3738 -0.101078818
2431 667 -0.037645497
2434 4867 -0.024332451
2435 3824 -0.003116529
2438 7272 -0.003278231
2438 5669 -0.001669555
2439 1303 -0.110369495
2441 45418 -0.000588144
2444 1521 -0.024422855
2446 83 -0.006458078
2446 855 -0.001108574
2447 1671 -0.024019656
2448 5049 -0.006991536
2448 2486 -0.001851655
2448 15 -0.041122767
2450 965 -0.002769193
2452 955 -0.038990719
2452 1550 -0.003570997
2453 20760 -0.000106090
2454 1945 -0.006666718
2454 1179 -0.025239346
2457 3521 -0.042076142
2458 843 -0.071333114
2459 1734 -0.037164888
2461 938 -0.000228694
2465 4776 -0.003824520
2465 580 -0.134031922
2467 30362 -0.001896505
2468 1328 -0.032994870
2469 2087 -0.018067230
2471 11175 -0.002171605
2471 4186 -0.068972460
2471 160 -0.009625992
2472 6721 -0.010618017
2472 3905 -0.020345156
2472 1444 -0.019381928
2473 1300 -0.010990731
2476 8011 -0.010841297
2476 2947 -0.021832611
2477 19379 -0.008499504
2478 7476 -0.023634385
2478 3599 -0.016383971
2480 553 -0.031182557
2481 28090 -0.002577619
2482 7135 -0.001406256
2482 1068 -0.007368606
2483 4179 -0.018334113
2489 4703 -0.031047217
2489 1884 -0.080409090
2490 4418 -0.016979036
2490 1478 -0.037208741
2491 8056 -0.061972886
2492 77 -0.008425586
2492 958 -0.005336573
2493 15447 -0.018248512
2493 1329 -0.082190159
2495 1045 -0.006924218
2498 32 -0.073294437
2499 3411 -0.029570487
2500 5412 -0.045252447
2501 854 -0.022186672
2504 1802 -0.078380082
2505 2503 -0.006551696
2506 1025 -0.062394250
2507 2384 -0.005138426
2507 1640 -0.040669886
2508 14076 -0.025035496
2508 3297 -0.036887684
2509 25139 -0.008853541
2510 5910 -0.048057846
2512 1328 -0.016524053
2518 524 -0.046766350
2519 1922 -0.018013755
2520 50582 -0.000538296
2520 2733 -0.085547599
2520 4296 -0.039449686
2522 16360 -0.004553149
2522 4744 -0.005303772
2524 1251 -0.008429464
2525 18203 -0.013639749
2526 5818 -0.049709631
2526 452 -0.056787112
2527 823 -0.081798580
2528 1539 -0.049721401
2528 1802 -0.015668657
2529 2520 -0.020290422
2530 2391 -0.010761637
2530 1647 -0.015096755
2531 2588 -0.015322279
2532 1115 -0.042921738
2534 10961 -0.005800407
2535 6687 -0.040896054
2535 942 -0.049275422
2535 578 -0.015519202
2537 678 -0.007131050
2541 5940 -0.004504279
2541 9563 -0.005174379
2542 6058 -0.023266415
2544 12417 -0.005506681
2544 830 -0.103908082
2552 15157 -0.017787401
2554 556 -0.032768762
2556 3249 -0.002491888
2560 709 -0.072940422
2566 3030 -0.034294101
2566 4927 -0.012723909
2568 7350 -0.001976303
2570 10788 -0.000958029
2570 5293 -0.041461495
2571 6117 -0.041461800
2571 1166 -0.024188553
2571 1635 -0.052457492
2572 4734 -0.013007675
2574 11195 -0.010086294
2574 61 -0.051881213
2575 10191 -0.002757443
2577 5950 -0.034343965
2578 5658 -0.039692814
2579 3620 -0.019743676
2580 326 -0.020761743
2581 392 -0.007208250
2581 1916 -0.013155931
2582 589 -0.004707837
2585 3621 -0.030924227
2585 796 -0.014320395
2586 10516 -0.025994780
2586 1937 -0.011077518
2586 1445 -0.014876188
2587 15116 -0.000504920
2588 6092 -0.007697880
2589 22777 -0.001539180
2590 2860 -0.083681077
2591 48743 -0.001085533
2592 3361 -0.020326206
2593 8070 -0.016313623
2593 1045 -0.012543146
2593 776 -0.037216672
2594 2253 -0.014839970
2594 1999 -0.021706120
2596 1067 -0.042904601
2598 146 -0.015787486
2599 1877 -0.011658638
2600 1867 -0.056480179
2603 1685 -0.018731110
2604 12845 -0.003997225
2604 293 -0.001411382
2605 18764 -0.000146918
2607 28951 -0.005203080
2609 4842 -0.011324513
2609 1992 -0.001472103
2609 297 -0.032168157
2610 17768 -0.000603321
2610 948 -0.004519313
2610 42 -0.107813131
2611 1978 -0.060822855
2612 10164 -0.059231477
2612 2193 -0.005734321
2613 1912 -0.042462262
2616 838 -0.020848750
2616 4 -0.000095900
2617 533 -0.035123751
2620 2696 -0.058080864
2622 29983 -0.001371996
2625 1 -0.009570693
2626 452 -0.000120854
2626 4355 -0.029744207
2627 7793 -0.001270176
2628 49983 -0.000148866
2628 632 -0.008724064
2629 3705 -0.004508105
2630 15367 -0.002852672
2630 543 -0.082799760
2631 2385 -0.012101552
2632 264 -0.040726596
2633 458 -0.021506587
2634 7329 -0.004635018
2636 5121 -0.011108208
2638 4487 -0.010628884
2639 4446 -0.038333265
2639 364 -0.000812169
2640 1486 -0.013692285
2641 582 -0.019107878
2644 1808 -0.050295478
2645 4597 -0.014475303
2645 10429 -0.026521922
2646 3591 -0.002739510
2647 3746 -0.003792340
2648 2899 -0.030967352
2648 801 -0.020655107
2651 1885 -0.008813198
2654 1465 -0.027737252
2655 24367 -0.004220102
2655 4521 -0.026528259
2655 271 -0.024904276
2656 1684 -0.014597003
2658 28020 -0.002584859
2658 5504 -0.017558761
2658 3660 -0.034318066
2660 2884 -0.028357246
2661 1639 -0.018378830
2661 1819 -0.057486947
2663 1321 -0.024924251
2664 12574 -0.004922954
2664 14028 -0.019382485
2664 359 -0.078998864
2665 21857 -0.001181784
2666 1742 -0.008190691
2667 6661 -0.013866578
2668 3764 -0.017606909
2668 16 -0.063208467
2671 2945 -0.003371099
2676 1813 -0.023212887
2677 405 -0.058668688
2678 1275 -0.009063106
2680 4310 -0.009572748
2681 5342 -0.049617466
2683 4138 -0.018332373
2685 688 -0.021034545
2686 663 -0.049366462
2686 1886 -0.038764458
2690 5608 -0.024180016
2691 26502 -0.006843768
2693 44201 -0.001394499
2694 12692 -0.026344247
2694 4269 -0.003866198
2695 3946 -0.009805999
2695 9904 -0.016184385
2696 25212 -0.000649081
2696 19480 -0.006759946
2696 13340 -0.001731869
2697 3236 -0.020990025
2700 7208 -0.011468203
2701 5320 -0.003949176
2702 4165 -0.001284363
2706 38447 -0.005153056
2706 3029 -0.041925806
2706 427 -0.013890403
2707 3337 -0.040282586
2708 5234 -0.030577465
2709 51368 -0.001101228
2709 1477 -0.053238669
2709 1478 -0.030317908
2710 3522 -0.001820645
2710 1654 -0.026102804
2713 18066 -0.028537828
2714 7414 -0.005619967
2714 5847 -0.033178499
2714 473 -0.059754615
2714 278 -0.041198275
2715 1631 -0.006979221
2715 1476 -0.003409392
2720 1544 -0.000489935
2721 9635 -0.004977992
2721 24923 -0.016821502
2721 1886 -0.028496820
2721 1527 -0.066610823
2725 7113 -0.022040251
2726 47659 -0.002147458
2726 1617 -0.020926429
2726 1042 -0.030023636
2729 46827 -0.000169420
2735 10189 -0.037233588
2737 1225 -0.073725769
2737 546 -0.018782793
2738 10756 -0.001893119
2741 1354 -0.007323813
2743 1404 -0.001580961
2744 7608 -0.020122653
2744 7952 -0.034909204
2745 210 -0.015722392
2746 2206 -0.028944088
2747 11424 -0.002121128
2748 29084 -0.001030901
2748 6188 -0.006927645
2750 3169 -0.028819516
2750 553 -0.014284118
2755 5570 -0.002217757
2759 1955 -0.049839790
2760 1676 -0.002907375
2761 30090 -0.003017448
2761 1729 -0.018556317
2762 480 -0.037830204
2762 12 -0.037800404
2763 7884 -0.005353460
2768 25409 -0.003516301
2769 938 -0.030294694
2770 1104 -0.013865114
2771 4563 -0.032031397
2771 1654 -0.004824853
2771 987 -0.018291777
2772 572 -0.007860670
2774 10126 -0.007796366
2774 6879 -0.003580029
2774 1128 -0.029510476
2774 2153 -0.000176118
2775 21368 -0.020235196
2776 6372 -0.033821449
2779 1678 -0.022432933
2781 2180 -0.055483792
2783 3328 -0.010839379
2786 8339 -0.010739326
2789 10209 -0.016052863
2789 708 -0.012087634
2789 1469 -0.007269797
2790 1105 -0.040694300
2790 3066 -0.000618148
2791 2812 -0.008522463
2792 1055 -0.014845602
2793 48872 -0.000969129
2793 957 -0.035276979
2794 6726 -0.056905192
2795 6750 -0.007886206
2797 343 -0.018066880
2799 7261 -0.004926859
2800 15062 -0.005436762
2800 29712 -0.000778696
2800 2998 -0.012675733
2800 1751 -0.045594077
2802 9601 -0.010448562
2804 5818 -0.026662720
2804 4899 -0.022033991
2804 1211 -0.005550819
2807 461 -0.071344381
2808 7635 -0.013765649
2809 19519 -0.008306987
2810 4034 -0.001187997
2810 1249 -0.018185378
2813 414 -0.021656021
2814 5292 -0.029720641
2815 4427 -0.027220436
2816 3738 -0.015707852
2816 489 -0.035207511
2817 31 -0.055669068
2819 555 -0.003341586
2821 7949 -0.006948340
2822 16513 -0.007752964
2823 4757 -0.094195014
2824 854 -0.000449141
2827 9630 -0.035014727
2828 3169 -0.001758675
2829 12313 -0.033419177
2829 671 -0.073202949
2831 2418 -0.043045342
2833 5129 -0.011520522
2833 2908 -0.038609474
2833 503 -0.077953146
2835 906 -0.004085405
2837 24934 -0.017951305
2837 1847 -0.025159840
2838 5129 -0.004807364
2840 8276 -0.005158085
2840 206 -0.081313607
2842 511 -0.044496665
2843 29778 -0.002604676
2846 678 -0.060855333
2846 138 -0.040659346
2849 1283 -0.016492661
2849 468 -0.010981444
2851 11077 -0.004647352
2851 981 -0.015264308
2851 3359 -0.018743922
2852 296 -0.031158154
2853 1302 -0.001893012
2854 570 -0.016531047
2855 46476 -0.001448033
2855 46476 -0.000030971
2855 10190 -0.000528255
2858 3991 -0.024099524
2858 1539 -0.008308177
2860 10576 -0.002549582
2860 1371 -0.023269655
2861 1453 -0.017167933
2862 20225 -0.006154944
2862 9421 -0.007794488
2862 5789 -0.004571434
2866 12472 -0.006226533
2866 1388 -0.007104773
2867 15605 -0.010291697
2868 2987 -0.039045382
2868 1474 -0.001321567
2868 867 -0.005575346
2869 1493 -0.001713199
2870 345 -0.015781892
2870 330 -0.006990273
2871 49932 -0.000441034
2872 2454 -0.002460624
2876 1632 -0.013703011
2880 345 -0.028661876
2885 6025 -0.016823659
2885 898 -0.094011303
2886 6864 -0.004359717
2886 2855 -0.020484367
2887 1686 -0.057276002
2888 9041 -0.005534477
2889 28346 -0.006835594
2891 189 -0.000287514
2893 3273 -0.026885574
2896 6535 -0.020361736
2896 3260 -0.009599936
2898 12954 -0.002946559
2898 1424 -0.065304970
2899 3295 -0.007802029
2899 1053 -0.016400026
2899 148 -0.031934274
2901 1065 -0.068205170
2902 889 -0.107760457
2902 1561 -0.027737833
2903 4482 -0.001635177
2904 14722 -0.022310768
2904 1913 -0.064271392
2905 3359 -0.001458649
2906 2066 -0.009432851
2906 718 -0.016867262
2907 3908 -0.002198981
2909 345 -0.094158829
2910 1849 -0.069708473
2910 2225 -0.023800525
2913 11777 -0.000021145
2913 1751 -0.023918525
2914 740 -0.072381916
2916 1062 -0.038689113
2917 191 -0.023123081
2917 1081 -0.040669343
2918 174 -0.029051019
2919 305 -0.012261644
2920 886 -0.058719417
2921 1816 -0.017126967
2921 1731 -0.024585515
2922 45820 -0.000206887
2922 1748 -0.028367039
2922 1582 -0.005405386
2923 9481 -0.001788201
2924 38631 -0.003779562
2924 3942 -0.011098614
2927 2236 -0.003962463
2929 1335 -0.044320284
2929 1257 -0.031413845
2930 1013 -0.004175705
2931 15261 -0.002951543
2931 4771 -0.008575778
2932 3105 -0.022731871
2933 1502 -0.037266025
2934 6821 -0.005942268
2935 10751 -0.008511857
2938 233 -0.019794591
2939 2063 -0.046152012
2940 256 -0.025220386
2940 1789 -0.000038005
2942 88 -0.017259031
2947 210 -0.026559745
2948 2144 -0.024458533
2948 524 -0.032961876
2949 1465 -0.029629500
2950 6743 -0.169771318
2950 118 -0.000114056
2951 6072 -0.069168985
2951 327 -0.011620634
2951 1368 -0.081720797
2952 4951 -0.003125382
2952 889 -0.031940550
2952 680 -0.053073144
2952 308 -0.043983357
2954 92 -0.025543123
2955 43 -0.019018677
2955 998 -0.087356249
2955 1180 -0.097788607
2956 1813 -0.016593606
2957 4854 -0.000168001
2958 3336 -0.008862710
2958 1250 -0.059415787
2959 4799 -0.006276560
2960 907 -0.006529348
2961 19976 -0.002618824
2962 309 -0.007933578
2964 32688 -0.001777685
2964 1696 -0.000515911
2965 48961 -0.000199189
2966 1238 -0.026527648
2966 167 -0.037015393
2966 140 -0.029842057
2968 1707 -0.023487955
2969 8438 -0.054708154
2969 7330 -0.025406263
2969 0 -0.000434389
2971 1205 -0.027520580
2971 638 -0.018477207
2981 4186 -0.044809437
2981 9535 -0.013049169
2983 3117 -0.009544903
2984 5316 -0.003682704
2984 3746 -0.022899009
2984 203 -0.064075703
2985 2363 -0.019244271
2986 1902 -0.064846338
2987 3877 -0.039806351
2990 1790 -0.010183212
2991 51533 -0.001596922
2992 49006 -0.000099385
2992 4427 -0.026898601
2992 642 -0.003063379
2995 3859 -0.035924771
2997 3336 -0.008574753
2997 309 -0.009507422
2997 425 -0.063412399
2997 309 -0.013790638
2998 5715 -0.048981981
3000 5832 -0.012013878
3000 1452 -0.009217803
3001 1098 -0.003695445
3001 1254 -0.015794067
3002 23453 -0.004825900
3002 5576 -0.005544995
3002 4864 -0.081246368
3002 858 -0.024583028
3003 10006 -0.004917076
3004 324 -0.000597019
3004 1647 -0.010016238
3006 10654 -0.007817267
3007 688 -0.024586228
3007 314 -0.000824954
3012 1954 -0.040656776
3012 2148 -0.004053534
3012 1865 -0.022466154
3013 3366 -0.026007714
3013 112 -0.078455375
3013 115 -0.033022158
3013 500 -0.047837463
3014 564 -0.026604254
3014 2011 -0.071064873
3014 766 -0.047460266
3018 9524 -0.024092894
3018 1348 -0.013242525
3018 854 -0.002136866
3019 938 -0.008009495
3019 3225 -0.018447718
3021 3342 -0.039945114
3025 7101 -0.001578197
3027 7513 -0.000082805
3027 9957 -0.003222024
3028 1135 -0.011787684
3032 1148 -0.022448702
3033 2254 -0.017723972
3033 1816 -0.006594855
3034 6468 -0.005661552
3035 25246 -0.009178420
3035 698 -0.034180055
3036 564 -0.004275898
3039 1957 -0.039321844
3039 1301 -0.046455270
3040 1139 -0.068419331
3040 2198 -0.007938383
3041 6214 -0.024656524
3041 1376 -0.002404587
3043 988 -0.026418971
3044 2495 -0.018702731
3044 2164 -0.007411460
3045 7638 -0.025050715
3045 1201 -0.011659088
3046 6628 -0.006593963
3046 2637 -0.037715070
3050 4268 -0.000684222
3050 2586 -0.008366916
3052 53 -0.049916208
3053 817 -0.032753553
3054 564 -0.013999642
3054 2829 -0.000231636
3054 5118 -0.027117945
3054 5626 -0.053619100
3055 343 -0.043803393
3055 1926 -0.043211387
3056 792 -0.016227637
3056 4310 -0.030539123
3056 6468 -0.011876293
3061 1692 -0.018090759
3062 976 -0.006510365
3063 24605 -0.004307555
3063 4624 -0.092807286
3064 2179 -0.007773085
3065 34340 -0.000865218
3065 756 -0.102944700
3065 1333 -0.064705971
3066 5485 -0.000747722
3066 901 -0.000763393
3068 1881 -0.019783702
3068 1568 -0.023171991
3070 1257 -0.009218627
3071 16107 -0.007493646
3071 6215 -0.025409394
3071 1009 -0.037827766
3072 2751 -0.009748371
3073 1538 -0.061813011
3076 9219 -0.023161104
3076 2179 -0.000083303
3076 968 -0.001377412
3077 5795 -0.004023980
3078 1793 -0.016820532
3080 21524 -0.001102748
3080 1281 -0.028107672
3082 25232 -0.001065189
3085 1337 -0.006078563
3085 1716 -0.017201398
3086 366 -0.012757998
3088 855 -0.015179142
3089 12149 -0.001319713
3089 1653 -0.109605778
3090 1364 -0.005094710
3091 32889 -0.003073821
3091 2756 -0.005518312
3091 1328 -0.025264149
3092 23992 -0.000896369
3092 4729 -0.002803446
3092 895 -0.076702026
3093 3968 -0.002818859
3095 4662 -0.042109432
3095 1055 -0.008820475
3098 706 -0.014170221
3101 5422 -0.004643311
3104 1264 -0.041778091
3104 2395 -0.036184409
3104 818 -0.018048190
3107 5618 -0.003696848
3107 5429 -0.006028497
3109 1012 -0.043634503
3110 7969 -0.030659135
3110 2487 -0.004450680
3112 604 -0.027733984
3113 1973 -0.026517818
3113 796 -0.002681951
3116 802 -0.004623129
3116 424 -0.067725600
3118 2395 -0.014909006
3119 7781 -0.008830334
3121 1954 -0.010997877
3121 1055 -0.026333721
3122 12976 -0.000413259
3122 417 -0.128828637
3123 10591 -0.007533560
3125 7781 -0.003315752
3125 3920 -0.020654829
3126 19902 -0.010873191
3127 12982 -0.009979698
3127 7102 -0.038971967
3127 4208 -0.014303604
3127 3132 -0.002510896
3131 6207 -0.007015683
3133 15298 -0.009883050
3133 2189 -0.017851796
3134 7102 -0.053756567
3134 3505 -0.025577091
3135 14500 -0.025091574
3135 1293 -0.048078988
3137 9117 -0.009693091
3137 4616 -0.019295175
3139 1503 -0.007148467
3141 769 -0.122011484
3143 1786 -0.021479295
3144 5184 -0.006899492
3147 1232 -0.010492717
3149 43735 -0.001327081
3150 13034 -0.017237891
3150 1642 -0.004110810
3151 1513 -0.047970737
3151 1967 -0.078920884
3152 30814 -0.000761204
3152 1128 -0.039050226
3152 2139 -0.012500746
3153 1459 -0.000767962
3153 3365 -0.003981088
3153 3171 -0.006351715
3155 4480 -0.001386062
3155 2323 -0.034835178
3157 3791 -0.052155499
3161 15467 -0.017754026
3162 4670 -0.043890176
3162 3920 -0.018606647
3166 2646 -0.007402615
3166 3439 -0.000929268
3166 689 -0.032844035
3166 2440 -0.026354734
3166 306 -0.003280181
3171 385 -0.008880132
3171 3866 -0.064419667
3171 1751 -0.048069264
3175 3562 -0.008776225
3176 5175 -0.011051759
3176 1913 -0.122459038
3178 1738 -0.021605506
3179 16882 -0.004687499
3179 1129 -0.039815822
3179 65 -0.002772048
3179 1887 -0.018558970
3180 1677 -0.011007471
3182 7066 -0.010095681
3183 26892 -0.002094040
3183 85 -0.035772654
3184 1594 -0.049096683
3185 5851 -0.014505660
3185 5776 -0.072686804
3185 3465 -0.001214062
3185 1275 -0.033666567
3187 5338 -0.048831497
3190 8049 -0.001838021
3190 4861 -0.023312190
3193 11967 -0.006735132
3193 4104 -0.071674765
3195 3160 -0.053552607
3196 11804 -0.006371356
3197 122 -0.005769251
3198 4766 -0.019973953
3198 2642 -0.027104914
3200 2564 -0.061690260
3201 1664 -0.019036534
3203 18994 -0.002620828
3204 10181 -0.010025952
3204 814 -0.009536501
3206 1293 -0.001709434
3208 13702 -0.006197506
3208 5605 -0.034351975
3209 5716 -0.008729031
3209 1013 -0.002308180
3211 1248 -0.014424055
3213 1658 -0.028985250
3214 8363 -0.005850101
3215 929 -0.035296907
3216 16730 -0.004609482
3218 7439 -0.013141350
3218 7989 -0.016040972
3219 859 -0.031156564
3220 44615 -0.001081283
3222 10443 -0.002643174
3223 27273 -0.008313848
3226 957 -0.004559687
3226 447 -0.054766845
3226 599 -0.009955874
3228 19916 -0.009460498
3228 6846 -0.003576192
3228 3884 -0.054366725
3231 220 -0.017820739
3232 49836 -0.002195550
3232 4049 -0.036511418
3233 1738 -0.003416602
3234 4552 -0.032791909
3235 2739 -0.011907474
3235 1094 -0.005463520
3235 1660 -0.052397323
3236 395 -0.027509555
3238 7309 -0.036287101
3241 6448 -0.008267467
3241 2242 -0.076750578
3242 47832 -0.000144872
3242 16061 -0.012500044
3243 800 -0.031354509
3244 2677 -0.001426453
3245 3222 -0.000723835
3246 2924 -0.030193075
3247 2519 -0.000246043
3247 4347 -0.004835398
3247 590 -0.031635904
3249 4898 -0.051656101
3251 1671 -0.004668287
3252 3485 -0.010379559
3252 979 -0.062951446
3254 4267 -0.000963122
3256 3440 -0.012966216
3256 2720 -0.017130143
3256 489 -0.003623206
3256 1071 -0.015862484
3257 13737 -0.001982791
3257 2692 -0.104368596
3258 4994 -0.044729909
3258 853 -0.024683070
3258 1173 -0.109535034
3259 1529 -0.011411546
3260 3121 -0.049043041
3263 4386 -0.006359784
3264 12063 -0.003152598
3264 2245 -0.049291546
3265 1624 -0.039684088
3265 107 -0.033858294
3266 44744 -0.000143551
3266 5172 -0.011723698
3267 5172 -0.024645186
3269 3883 -0.006561616
3273 1104 -0.052743663
3275 15324 -0.009296866
3277 1594 -0.013272220
3277 1682 -0.063249588
3278 15940 -0.010426630
3279 32 -0.033250614
3280 1883 -0.014536789
3281 5679 -0.026502444
3281 437 -0.026058392
3283 1427 -0.003247339
3286 2416 -0.007658746
3286 590 -0.010219865
3287 3119 -0.013055008
3287 1071 -0.036490696
3288 4311 -0.055061292
3291 1233 -0.003684467
3293 5486 -0.023483797
3293 2236 -0.041006272
3294 2316 -0.032378041
3294 1823 -0.075952654
3295 395 -0.020692225
3298 531 -0.000290604
3299 6441 -0.008652368
3300 414 -0.027958487
3301 8341 -0.002567160
3301 3736 -0.010399598
3303 199 -0.031151624
3304 4929 -0.016577051
3305 2425 -0.012972927
3305 1658 -0.011503633
3305 735 -0.002161583
3306 12105 -0.030746337
3306 543 -0.031835661
3308 12611 -0.010599271
3309 50356 -0.000135653
3310 1883 -0.019790924
3311 150 -0.004194112
3311 801 -0.016242391
3311 1527 -0.062655468
3312 16963 -0.000669484
3312 7169 -0.005447172
3312 1153 -0.001247484
3314 1297 -0.007902318
3315 626 -0.018055285
3316 42421 -0.000963939
3317 651 -0.138477784
3318 2877 -0.014229806
3318 1637 -0.005932991
3320 38684 -0.001921593
3320 15696 -0.008567195
3320 5356 -0.012097766
3322 2676 -0.035440006
3322 1006 -0.000560831
3323 18989 -0.009070584
3323 1954 -0.029149560
3324 724 -0.030367360
3325 5777 -0.027342366
3325 2878 -0.007975262
3326 6498 -0.104219920
3326 3666 -0.003181602
3326 6546 -0.006823030
3328 3121 -0.030894178
3328 1935 -0.024002954
3329 7056 -0.019271746
3329 5092 -0.019071034
3329 2315 -0.035110381
3330 4093 -0.012970923
3330 367 -0.003489501
3331 5846 -0.012974741
3331 4819 -0.098149777
3333 1468 -0.005853200
3335 735 -0.010641927
3335 1923 -0.018296311
3336 1488 -0.059669878
3336 833 -0.008568382
3337 4027 -0.014346792
3337 1583 -0.009014914
3339 19302 -0.003246195
3340 11748 -0.007113642
3340 5748 -0.063833145
3340 1671 -0.005188846
3341 32860 -0.008935416
3343 1611 -0.019999998
3343 185 -0.012663820
3348 299 -0.009231376
3351 1259 -0.000029599
3353 16054 -0.001562032
3354 5584 -0.014266916
3354 2061 -0.013979433
3355 1011 -0.064416923
3355 2425 -0.008326188
3360 560 -0.036297706
3361 1646 -0.068654756
3363 1925 -0.039021502
3365 4257 -0.012500868
3366 12529 -0.002196665
3366 1638 -0.032529439
3366 1575 -0.014678003
3367 5571 -0.010198195
3367 2404 -0.019778613
3370 48846 -0.000024626
3370 92 -0.015649393
3372 611 -0.001798266
3374 44469 -0.000278622
3374 12684 -0.011108447
3374 3516 -0.055434973
3381 27725 -0.000137220
3381 12106 -0.005322273
3383 2901 -0.001012565
3383 1926 -0.026219414
3384 450 -0.021130670
3385 132 -0.015866895
3388 475 -0.004408307
3389 1982 -0.040216039
3391 6694 -0.021935340
3392 14521 -0.002461256
3392 348 -0.056624018
3393 10834 -0.000908325
3393 1734 -0.008621858
3395 8671 -0.008671447
3395 912 -0.014681369
3397 6755 -0.029988203
3399 2656 -0.033972337
3402 4442 -0.040304611
3403 3904 -0.029847931
3404 2263 -0.000765362
3405 7415 -0.039520549
3405 1883 -0.027459836
3405 7 -0.021598685
3406 5032 -0.002268004
3407 18619 -0.008498018
3407 605 -0.007639162
3408 1544 -0.045693891
3410 14413 -0.003262987
3410 212 -0.057471339
3412 188 -0.015472019
3413 1329 -0.015230820
3416 4564 -0.007006355
3416 1835 -0.008022482
3418 13736 -0.002844916
3418 1646 -0.008257207
3418 1713 -0.006411859
3420 555 -0.006713891
3421 1542 -0.017014221
3422 5812 -0.003261559
3422 395 -0.006480533
3422 3205 -0.083369872
3422 1858 -0.051710537
3422 1600 -0.005460901
3424 12922 -0.031941069
3424 7690 -0.022934407
3424 1351 -0.021613634
3426 1565 -0.003398403
3426 1823 -0.003483102
3427 3029 -0.004733149
3429 13767 -0.015932080
3432 44064 -0.002013408
3434 48042 -0.001623338
3435 522 -0.011038898
3438 7635 -0.012981636
3439 793 -0.000474849
3442 49892 -0.001143890
3442 7635 -0.000747835
3442 2172 -0.000160500
3443 5887 -0.014661621
3444 4777 -0.000325338
3444 183 -0.042437164
3445 385 -0.031887056
3448 7791 -0.009706035
3449 5715 -0.051769901
3452 2549 -0.000816866
3453 3479 -0.040055832
3454 1121 -0.011017186
3455 2867 -0.018610940
3455 2186 -0.010015816
3457 497 -0.066964906
3458 3277 -0.026078106
3458 418 -0.070065890
3459 76 -0.004010175
3462 12220 -0.000243700
3463 5823 -0.027660186
3464 9905 -0.053014940
3465 1375 -0.050042489
3466 43988 -0.000018829
3466 7520 -0.015090867
3466 9341 -0.048892991
3466 6667 -0.012390997
3467 35041 -0.000575976
3468 966 -0.026101171
3470 1153 -0.007205861
3471 1100 -0.000950358
3474 43531 -0.000332471
3474 1488 -0.000442266
3475 14985 -0.008478914
3475 6152 -0.035119281
3476 2775 -0.028723118
3481 14820 -0.005211343
3482 1149 -0.001212035
3483 5469 -0.008542633
3485 1642 -0.003938420
3489 632 -0.012442321
3491 300 -0.032458003
3492 3598 -0.063207338
3494 948 -0.002066970
3495 6908 -0.014620234
3495 3946 -0.007686472
3497 1940 -0.003530739
3500 5851 -0.011677890
3501 2945 -0.020716209
3503 848 -0.008256845
3504 866 -0.051471962
3506 1586 -0.037386272
3507 2499 -0.013439465
3508 303 -0.027039897
3509 1617 -0.007441868
3512 10271 -0.000201528
3513 765 -0.003768203
3514 14503 -0.005140548
3515 42846 -0.000856665
3517 5697 -0.024814216
3518 1141 -0.034271958
3518 1971 -0.015488603
3521 4602 -0.084727846
3523 1696 -0.009568213
3524 1446 -0.005172818
3525 13494 -0.013541601
3525 6417 -0.009312326
3526 11820 -0.003405710
3526 1120 -0.047169664
3527 1416 -0.011257465
3528 5249 -0.029259685
3533 5591 -0.000720119
3534 7223 -0.003161383
3534 1396 -0.000776595
3535 1900 -0.081955636
3536 3248 -0.026919686
3539 3246 -0.059278877
3541 49316 -0.001968696
3541 14059 -0.033693529
3541 299 -0.004918313
3548 17115 -0.008486318
3548 4807 -0.031197657
3548 1718 -0.022654514
3549 6159 -0.005514430
3549 1520 -0.005666787
3549 1508 -0.004078735
3550 4752 -0.003438323
3550 1066 -0.003774000
3551 4084 -0.012902516
3552 93 -0.032837026
3555 7326 -0.069033774
3555 838 -0.009578433
3555 2454 -0.002823169
3556 5870 -0.014438788
3556 16465 -0.021987434
3558 77 -0.036232048
3558 127 -0.049789187
3560 661 -0.007753473
3560 14 -0.066840120
3561 1360 -0.013976237
3562 1151 -0.000249810
3562 1301 -0.015132478
3564 1848 -0.027878162
3565 4949 -0.004115171
3565 2396 -0.060161869
3566 4273 -0.018293432
3567 1492 -0.030310351
3568 5330 -0.016442754
3569 300 -0.011066810
3570 3798 -0.036449387
3572 13790 -0.001307490
3572 1045 -0.010087794
3573 2791 -0.028153063
3574 53 -0.023028727
3575 3374 -0.017615604
3576 10278 -0.036575650
3579 6765 -0.011068590
3582 11927 -0.005330722
3582 963 -0.060349463
3583 2476 -0.024063523
3584 6159 -0.022636913
3584 829 -0.024909974
3586 923 -0.017797476
3587 1018 -0.079866405
3589 792 -0.052824417
3590 39048 -0.004071603
3590 459 -0.029297474
3592 3223 -0.055604463
3593 7940 -0.006269288
3593 7150 -0.007244461
3593 480 -0.007203846
3594 2878 -0.090832495
3594 36 -0.027144724
3596 952 -0.032678185
3597 8 -0.013982580
3599 533 -0.066093665
3599 1763 -0.031769431
3601 44291 -0.001161450
3603 178 -0.008987330
3604 746 -0.036546637
3606 1937 -0.011403497
3606 1268 -0.049520044
3610 2461 -0.035845124
3610 1355 -0.014910974
3610 1515 -0.001046135
3611 10320 -0.002096978
3611 1603 -0.015160818
3613 5657 -0.032214317
3615 5437 -0.007849568
3616 5167 -0.009666355
3617 6418 -0.001014068
3617 3153 -0.066214280
3617 2746 -0.027472773
3619 7815 -0.053082759
3620 3299 -0.036117765
3621 5174 -0.025352193
3622 6677 -0.012163141
3622 5508 -0.022443264
3622 2379 -0.013653857
3623 977 -0.000675046
3623 605 -0.021508302
3625 424 -0.064190974
3627 51646 -0.000685651
3628 4377 -0.049806905
3628 1922 -0.001630525
3629 724 -0.001247792
3630 1534 -0.022099259
3631 4176 -0.016894315
3632 1196 -0.029951456
3633 3341 -0.035995318
3633 175 -0.010431636
3634 1770 -0.015352034
3634 1620 -0.020053704
3635 39310 -0.000203889
3636 2347 -0.022496873
3637 8589 -0.000095644
3639 2997 -0.043769806
3639 2592 -0.004576407
3640 10579 -0.027498784
3640 1655 -0.003636516
3642 1238 -0.066801055
3645 1139 -0.012417162
3647 3337 -0.005249869
3649 479 -0.018825107
3650 1637 -0.009022958
3650 412 -0.018214586
3651 36368 -0.002255528
3652 19748 -0.005419057
3652 4166 -0.049278191
3652 282 -0.067630395
3653 39902 -0.000468792
3653 3768 -0.012342752
3653 334 -0.067848125
3655 6 -0.001136995
3657 641 -0.014766855
3658 808 -0.039288346
3659 42264 -0.001976847
3660 2866 -0.039360603
3663 4179 -0.020959914
3665 51912 -0.002166142
3665 341 -0.004754831
3666 4647 -0.021430396
3667 1547 -0.029230951
3668 4863 -0.031097011
3669 39636 -0.005306238
3671 441 -0.004021181
3672 639 -0.049165759
3673 2286 -0.020474971
3676 1069 -0.019633127
3678 135 -0.043866593
3679 9055 -0.002786457
3680 3655 -0.048949454
3681 5250 -0.021459992
3681 2573 -0.012057912
3682 57 -0.002508634
3683 29899 -0.004075661
3684 9055 -0.011444622
3686 15367 -0.004104457
3687 10047 -0.011443719
3688 6061 -0.038297417
3689 1658 -0.012282705
3690 4985 -0.043797592
3690 1104 -0.021124213
3690 22 -0.098941823
3691 1240 -0.012276072
3693 17073 -0.033874670
3693 4863 -0.031511084
3696 5412 -0.038981240
3696 832 -0.006504917
3699 2435 -0.066205144
3699 1494 -0.046776404
3700 1651 -0.003875659
3701 1371 -0.010560522
3701 50 -0.057117742
3702 6411 -0.000319629
3702 2866 -0.021137695
3702 1059 -0.037188595
3706 5121 -0.000769712
3707 3086 -0.022649067
3707 2388 -0.012486882
3707 414 -0.100471586
3707 1650 -0.069143834
3710 631 -0.064044364
3711 987 -0.050879762
3714 2854 -0.027691140
3715 20769 -0.007048794
3715 479 -0.030497124
3716 11151 -0.005994042
3717 1459 -0.023184376
3718 17356 -0.001516769
3721 6359 -0.003676741
3721 463 -0.042500496
3722 50813 -0.000114567
3723 8597 -0.028208474
3724 6386 -0.029980869
3724 2375 -0.022785600
3727 673 -0.012420372
3728 34759 -0.000294844
3728 11705 -0.033112831
3730 30490 -0.006019978
3731 26875 -0.005767592
3734 14252 -0.007260754
3734 4327 -0.020316085
3739 9503 -0.012069872
3739 2340 -0.061939588
3740 977 -0.014035315
3741 25795 -0.003380394
3742 1248 -0.017345585
3744 993 -0.016190435
3744 181 -0.062806701
3747 29559 -0.002877133
3748 666 -0.014019485
3749 6760 -0.001707875
3749 514 -0.051527641
3753 36195 -0.001798502
3753 205 -0.008965607
3754 13732 -0.001279241
3755 1146 -0.015915834
3758 1907 -0.004861383
3759 3841 -0.040861515
3759 2649 -0.054775501
3761 1026 -0.004433327
3763 13383 -0.008834504
3763 9391 -0.028179232
3765 2333 -0.007608358
3765 740 -0.024939688
3766 3883 -0.047533171
3766 4269 -0.001365280
3767 969 -0.004237536
3768 457 -0.024643058
3771 17411 -0.008019508
3772 50175 -0.001175154
3772 1810 -0.023103804
3775 1425 -0.023343164
3775 1679 -0.012193416
3776 51160 -0.000480687
3776 7511 -0.003708165
3776 3361 -0.049707094
3776 984 -0.023808451
3777 47839 -0.000846309
3777 6116 -0.017535540
3778 15642 -0.006224819
3778 3812 -0.019976507
3778 1239 -0.061496615
3778 2126 -0.051238676
3779 993 -0.025556381
3779 1756 -0.027572458
3781 993 -0.036638572
3782 51182 -0.000100686
3782 4597 -0.000812163
3784 4597 -0.012288487
3787 1880 -0.006138026
3787 692 -0.045619225
3790 48708 -0.000542847
3791 6880 -0.016906767
3792 2357 -0.002523519
3792 764 -0.031510692
3792 793 -0.013588719
3798 4136 -0.026151797
3799 3876 -0.027031137
3799 1813 -0.077024600
3801 6721 -0.010180343
3802 7875 -0.003711526
3802 2885 -0.006842249
3803 1320 -0.054235097
3804 3170 -0.041526427
3807 294 -0.014316160
3808 5208 -0.020812465
3810 1017 -0.032043342
3811 10747 -0.014940654
3814 1021 -0.023328704
3814 2314 -0.103483296
3815 398 -0.039421699
3816 4059 -0.020425139
3817 1889 -0.196636188
3818 9403 -0.002968619
3819 3778 -0.066908537
3820 1652 -0.005614349
3821 2338 -0.008207203
3824 617 -0.021961463
3826 411 -0.005632857
3828 876 -0.039018272
3829 130 -0.023531619
3830 28559 -0.000566019
3831 6417 -0.004389833
3831 3203 -0.010026400
3831 637 -0.016601400
3833 18164 -0.018425891
3833 6899 -0.003039451
3833 769 -0.032925757
3833 130 -0.023967973
3835 2135 -0.002729973
3835 1901 -0.009939108
3836 99 -0.042729407
3836 1583 -0.031748267
3837 1753 -0.108012705
3838 28613 -0.000772673
3838 255 -0.011169239
3839 12991 -0.009607111
3841 1684 -0.051012000
3841 1951 -0.001448854
3842 7866 -0.012986781
3842 11 -0.018804461
3842 3493 -0.054933448
3843 11115 -0.034854249
3843 2784 -0.001519260
3844 7570 -0.017374264
3844 1818 -0.048496202
3845 1121 -0.076056331
3847 29867 -0.004946441
3847 10283 -0.002226931
3847 1926 -0.000660693
3848 105 -0.040131629
3852 8884 -0.003786082
3852 4373 -0.003928917
3852 1694 -0.031649193
3854 4616 -0.000007200
3854 1013 -0.048199036
3855 923 -0.078899372
3856 2193 -0.025182900
3857 24478 -0.005846907
3858 33579 -0.002855966
3865 2040 -0.036012717
3866 3834 -0.012428945
3868 11699 -0.001535884
3871 1282 -0.016067072
3871 1776 -0.034271057
3872 8909 -0.069365269
3873 10 -0.079669518
3874 4467 -0.007981254
3875 32116 -0.000260298
3875 9256 -0.000650826
3875 1646 -0.023878885
3878 343 -0.004314615
3879 27522 -0.000547403
3880 19760 -0.000458686
3880 605 -0.019835868
3881 6208 -0.064940640
3881 5288 -0.043542901
3881 4421 -0.003874530
3883 1761 -0.017002808
3884 36508 -0.000156641
3884 14662 -0.002205568
3886 7 -0.007039842
3887 18315 -0.000129151
3887 11 -0.005565807
3887 516 -0.056733943
3888 4094 -0.013831025
3888 27 -0.060955631
3888 3335 -0.047750218
3888 674 -0.003891342
3891 19809 -0.002182130
3892 5376 -0.022676902
3892 1376 -0.001058899
3895 6675 -0.004020828
3897 46606 -0.000131051
3898 5202 -0.041148819
3898 4064 -0.018510916
3898 659 -0.008677049
3899 323 -0.008242747
3900 1596 -0.000139441
3901 394 -0.022691889
3902 50294 -0.000238699
3902 2552 -0.006458900
3903 628 -0.021423573
3904 5682 -0.008752539
3906 13774 -0.033173288
3907 1661 -0.058595739
3908 27521 -0.006863934
3909 11917 -0.013006804
3909 1998 -0.006266037
3909 1516 -0.025357816
3910 2454 -0.029142391
3910 1060 -0.002627463
3912 801 -0.004920848
3913 44679 -0.000335733
3913 5925 -0.001042552
3915 47240 -0.000427283
3916 7242 -0.035740103
3917 27 -0.004684862
3917 233 -0.014445759
3918 18176 -0.014598373
3918 1595 -0.056608573
3919 18176 -0.004408436
3920 4647 -0.003512360
3920 27 -0.051307249
3924 7611 -0.016167955
3924 990 -0.026949057
3925 540 -0.018016140
3925 853 -0.018908843
3927 44811 -0.000873924
3927 1937 -0.044898449
3927 3076 -0.036887589
3928 183 -0.012351431
3928 183 -0.017816617
3930 9706 -0.007427210
3930 3810 -0.002890532
3930 3539 -0.004134146
3933 5819 -0.018725770
3934 10181 -0.016632561
3935 6991 -0.058504064
3936 1498 -0.011673614
3940 5852 -0.009091392
3941 62 -0.006532813
3942 706 -0.009622970
3943 260 -0.028302458
3946 15335 -0.000092482
3946 1407 -0.024534795
3946 1081 -0.010993241
3949 1239 -0.011445495
3950 376 -0.029338770
3951 22333 -0.010211867
3952 16038 -0.019915005
3953 9322 -0.000035300
3954 1973 -0.062567770
3954 1881 -0.031264875
3955 38768 -0.001103533
3956 526 -0.052726745
3957 1121 -0.052726570
3958 946 -0.007492217
3959 1663 -0.021068647
3961 2157 -0.025844844
3963 762 -0.007010912
3963 1927 -0.007183175
3966 297 -0.001833658
3967 817 -0.011282808
3967 1280 -0.050464227
3969 3816 -0.002509244
3969 431 -0.004010902
3970 22608 -0.004516696
3970 2637 -0.013378862
3971 588 -0.014546090
3972 2188 -0.007895428
3973 1129 -0.096427067
3974 631 -0.016282033
3975 10655 -0.006804275
3975 6612 -0.028931264
3976 1625 -0.031689516
3977 2441 -0.016907133
3977 4063 -0.041486081
3979 823 -0.036208249
3980 7347 -0.004842741
3980 1816 -0.019913724
3981 15227 -0.000601457
3981 2315 -0.010427900
3982 20015 -0.000176622
3982 8027 -0.002357772
3983 5436 -0.011969778
3986 12106 -0.000723015
3987 2985 -0.010086780
3988 4720 -0.001421227
3990 427 -0.042940598
3990 1895 -0.116121665
3992 7117 -0.006276087
3992 3009 -0.022571750
3992 1145 -0.011660290
3993 3328 -0.034313801
3994 2050 -0.007455220
3997 663 -0.024844943
3999 1513 -0.016283376
4000 37756 -0.000363656
4002 12195 -0.011040074
4002 1453 -0.023122196
4003 1412 -0.005429752
4005 5842 -0.009483798
4006 26830 -0.001255662
4006 5102 -0.086964266
4006 3682 -0.007840146
4008 3486 -0.006562901
4008 797 -0.008429158
4010 957 -0.000882385
4011 7136 -0.000686235
4012 1407 -0.000288205
4017 51900 -0.000990564
4018 1164 -0.030205118
4020 7686 -0.004390911
4020 1667 -0.011693546
4021 61 -0.040451169
4022 1268 -0.067445138
4022 1785 -0.009815977
4024 3084 -0.022599604
4025 12183 -0.002502943
4026 2450 -0.009027321
4027 921 -0.055905731
4028 12013 -0.026019346
4028 273 -0.021546518
4032 2941 -0.007889483
4032 3105 -0.065017001
4034 6744 -0.021660053
4034 2242 -0.009980329
4034 540 -0.044245525
4035 30422 -0.004315525
4035 7415 -0.062439081
4035 2940 -0.006698442
4036 2207 -0.010727072
4037 1902 -0.012731749
4037 2162 -0.026267393
4037 1127 -0.006766106
4038 3881 -0.059538808
4038 1632 -0.007406760
4041 5249 -0.015407258
4042 3126 -0.001877234
4043 1264 -0.002881235
4047 3104 -0.017881461
4047 559 -0.011357569
4049 8894 -0.019187012
4050 4838 -0.031851604
4051 20693 -0.008568924
4057 9072 -0.048605598
4057 1998 -0.015512152
4057 1038 -0.020431060
4058 27 -0.038471480
4058 759 -0.004302311
4061 49857 -0.000040425
4061 11926 -0.014265749
4062 20802 -0.005650190
4063 514 -0.019468075
4064 1481 -0.002621167
4065 814 -0.014999468
4066 5432 -0.007933156
4067 141 -0.006749144
4068 2941 -0.015987539
4069 16430 -0.009303228
4070 6418 -0.026541062
4071 11076 -0.017412467
4071 1213 -0.018297544
4072 31327 -0.001646308
4072 10132 -0.012575071
4074 2774 -0.027132326
4075 1495 -0.016110742
4075 531 -0.003316833
4077 17747 -0.007112793
4077 202 -0.053130134
4079 43261 -0.001210563
4079 614 -0.008626309
4080 7520 -0.013175277
4080 7526 -0.033633490
4083 6997 -0.020464574
4083 9829 -0.020087705
4084 977 -0.018207574
4085 2994 -0.022183573
4085 175 -0.045297270
4085 1550 -0.031422395
4088 1177 -0.001446205
4090 1063 -0.027733294
4091 4093 -0.028212871
4091 6770 -0.009407333
4092 20973 -0.005835207
4095 3342 -0.013026287
4095 1104 -0.027463331
4096 13819 -0.012257831
4096 4735 -0.005055409
4097 4508 -0.013092097
4099 4003 -0.016564311
4099 3056 -0.000442088
4101 6807 -0.001915020
4101 3078 -0.010200976
4103 8534 -0.024362319
4105 31139 -0.000521143
4105 7686 -0.031874136
4105 3122 -0.003728928
4105 1325 -0.044507556
4105 2040 -0.049535893
4106 13844 -0.006868970
4107 572 -0.006598241
4108 16454 -0.007872662
4109 9842 -0.012269530
4111 28098 -0.008653271
4113 40117 -0.000705396
4115 1476 -0.014333602
4119 15447 -0.014927428
4119 1958 -0.090414299
4122 932 -0.001716647
4123 10878 -0.020959348
4126 1614 -0.001196374
4127 1425 -0.032286670
4128 444 -0.007963189
4130 6412 -0.006050782
4130 572 -0.020215975
4131 2732 -0.010368361
4132 424 -0.022400813
4133 24431 -0.008591038
4134 13244 -0.005190859
4136 32379 -0.002670926
4136 10719 -0.027009294
4137 82 -0.004264071
4140 19131 -0.002972114
4140 1009 -0.016098655
4140 1053 -0.062195829
4144 4059 -0.020266825
4144 889 -0.017835802
4145 540 -0.029712390
4145 1347 -0.010243612
4146 7908 -0.000033549
4147 907 -0.005048666
4148 1479 -0.050945224
4149 3465 -0.033332032
4151 2625 -0.045253380
4153 48458 -0.000713147
4153 2207 -0.014862252
4153 295 -0.036607213
4153 879 -0.002147992
4155 643 -0.007754369
4156 18142 -0.001875092
4160 760 -0.000922139
4161 3876 -0.042630674
4163 51546 -0.000063942
4164 1782 -0.059793734
4166 444 -0.028558066
4166 2563 -0.011566758
4167 644 -0.039109434
4168 324 -0.022579450
4169 1883 -0.006612635
4171 3400 -0.056463348
4176 314 -0.024802094
4179 29203 -0.003393800
4179 1512 -0.011030983
4181 5854 -0.024910995
4181 810 -0.016476770
4183 18247 -0.001729057
4185 4757 -0.006005146
4185 3498 -0.010346956
4186 2746 -0.022231484
4187 1346 -0.011702317
4188 1664 -0.004677946
4188 506 -0.038425542
4189 652 -0.054244196
4189 179 -0.047138135
4190 367 -0.013791490
4194 4486 -0.023617561
4194 207 -0.016665739
4196 6465 -0.000449130
4198 14985 -0.014988341
4198 660 -0.008279865
4198 1754 -0.044849313
4201 5823 -0.047069032
4206 11961 -0.063896233
4207 7815 -0.027540344
4208 16582 -0.016501684
4209 855 -0.030539055
4211 49615 -0.000506126
4211 2451 -0.042373964
4214 6461 -0.013676870
4216 1868 -0.010957547
4217 31 -0.033566832
4218 5146 -0.007438215
4220 24604 -0.012862808
4221 630 -0.038602411
4224 13641 -0.026571684
4225 33132 -0.000418316
4226 7244 -0.045958577
4226 1923 -0.035051594
4227 3354 -0.014573370
4228 1863 -0.003347670
4230 2878 -0.013512158
4230 2240 -0.010967142
4232 1596 -0.007056250
4233 4213 -0.033071136
4235 949 -0.008134431
4235 1342 -0.047106269
4236 764 -0.059024660
4237 2808 -0.012760895
4237 1427 -0.019314176
4245 46851 -0.000974062
4245 2490 -0.012776598
4245 836 -0.013265345
4248 3421 -0.022829587
4248 1922 -0.062352294
4249 714 -0.011992693
4250 53 -0.068849490
4251 25063 -0.030235176
4251 6207 -0.009954163
4251 5182 -0.038166067
4252 8990 -0.023381214
4252 518 -0.022999842
4252 830 -0.036470598
4253 11076 -0.011284179
4253 8148 -0.018485581
4253 430 -0.093184972
4256 722 -0.002297622
4257 18067 -0.008390215
4258 1635 -0.060533989
4259 26173 -0.005651174
4259 1280 -0.051080730
4261 4329 -0.009893908
4263 1572 -0.024500533
4264 5946 -0.023300928
4264 630 -0.089977352
4265 8041 -0.043237824
4265 1502 -0.038004280
4266 13 -0.021766450
4270 4258 -0.016427950
4271 1937 -0.093574701
4271 790 -0.019300942
4273 4607 -0.011783145
4274 51010 -0.000653228
4275 1487 -0.006349706
4275 1844 -0.044635472
4279 489 -0.011597574
4281 1004 -0.001425600
4282 6226 -0.028086905
4282 1678 -0.002385504
4283 7265 -0.019533532
4283 837 -0.009680593
4283 1191 -0.041345874
4284 10620 -0.005264496
4285 1175 -0.059170489
4286 12677 -0.012539484
4286 970 -0.071988691
4287 14791 -0.010049372
4288 1986 -0.002019689
4288 1438 -0.014359515
4292 37 -0.000786166
4295 1902 -0.017059714
4296 764 -0.005526189
4296 44 -0.021269582
4297 1323 -0.000457382
4298 4428 -0.012032216
4298 1004 -0.003774474
4300 3404 -0.013429316
4302 4807 -0.012144775
4303 2747 -0.017877011
4305 1812 -0.021434948
4306 23347 -0.002674231
4307 7660 -0.010324444
4308 21917 -0.013918058
4308 503 -0.010056340
4311 32032 -0.015590965
4312 132 -0.036636898
4312 493 -0.088132381
4313 4776 -0.021050457
4313 112 -0.054379424
4315 2585 -0.001767087
4317 6735 -0.012443941
4318 21504 -0.013871942
4318 4776 -0.025971722
4321 5333 -0.005318512
4322 1825 -0.009620476
4322 3791 -0.008905488
4323 2925 -0.020387439
4325 9630 -0.014730386
4325 631 -0.001085907
4325 915 -0.010136761
4326 2287 -0.028426446
4326 1211 -0.002022874
4327 12251 -0.001177688
4327 1129 -0.062898554
4328 5549 -0.026718031
4329 817 -0.018959295
4330 12251 -0.000887873
4331 12895 -0.003308383
4332 5569 -0.073972165
4333 8476 -0.002138165
4333 596 -0.038077179
4337 688 -0.058255837
4341 2648 -0.025847431
4343 1702 -0.042644068
4344 2648 -0.020011968
4344 336 -0.033231536
4345 21346 -0.000404584
4345 489 -0.043963809
4345 252 -0.004304406
4345 92 -0.020206545
4346 325 -0.003776537
4347 914 -0.003108674
4351 22934 -0.009454390
4354 7729 -0.007638505
4354 1824 -0.085260833
4355 15628 -0.002914676
4355 11620 -0.017975317
4355 3802 -0.045434387
4355 295 -0.016265587
4357 11395 -0.009597957
4358 948 -0.020882642
4359 29179 -0.000134670
4359 355 -0.034445233
4360 2187 -0.012375324
4362 5928 -0.030921452
4363 3905 -0.014076694
4363 2565 -0.000965054
4365 4261 -0.014385573
4365 2323 -0.025964867
4366 4447 -0.021269618
4366 1293 -0.083656849
4368 11058 -0.005397085
4368 1326 -0.034768174
4369 848 -0.011353634
4370 8198 -0.025224772
4370 1878 -0.090854280
4373 1733 -0.007116521
4375 395 -0.004519243
4375 1881 -0.031389135
4375 1415 -0.019012126
4377 12974 -0.002440238
4377 3996 -0.048107246
4377 28 -0.037876353
4380 345 -0.017611866
4381 48251 -0.000871085
4381 11310 -0.014186641
4384 41695 -0.003353153
4384 1625 -0.033558222
4385 3149 -0.001619693
4387 6273 -0.030610113
4388 13787 -0.008882014
4389 13787 -0.009571464
4390 1488 -0.007485904
4390 244 -0.003089434
4391 4428 -0.011298525
4391 21 -0.063459122
4393 25652 -0.001112022
4394 1292 -0.023632030
4395 1942 -0.028563304
4395 611 -0.058123986
4398 3227 -0.001975458
4398 17809 -0.001048440
4398 10034 -0.001408514
4398 551 -0.086097509
4400 1302 -0.014185123
4400 832 -0.045216256
4404 1302 -0.017688067
4405 21889 -0.001038096
4409 27461 -0.004009292
4409 375 -0.016260941
4416 4027 -0.000449174
4417 1045 -0.100347783
4417 1923 -0.001044284
4419 1638 -0.053097139
4422 8013 -0.010869431
4422 6819 -0.011091779
4422 3203 -0.035345032
4422 1282 -0.019541777
4422 1651 -0.000428747
4425 5826 -0.016253334
4426 6391 -0.046962942
4429 875 -0.023192545
4430 7460 -0.012865282
4432 1619 -0.089193616
4432 1557 -0.026386707
4434 1151 -0.011525784
4435 3651 -0.074457150
4437 1793 -0.026007528
4438 5683 -0.000645762
4438 2663 -0.040099286
4439 8193 -0.002491080
4441 22939 -0.009953623
4443 11714 -0.000048819
4443 4716 -0.004855606
4444 1321 -0.148019001
4445 8966 -0.001458934
4445 5171 -0.044334670
4446 3449 -0.010429889
4446 3159 -0.007628488
4447 543 -0.021809294
4448 6503 -0.028817979
4449 767 -0.026429758
4451 6014 -0.003127066
4451 5067 -0.011722342
4451 1239 -0.008194278
4452 1442 -0.013624722
4455 1982 -0.064472337
4455 2539 -0.023285260
4456 10573 -0.001317067
4457 10164 -0.022605977
4458 51143 -0.002638861
4458 653 -0.006317632
4460 1079 -0.020395027
4460 907 -0.075922658
4462 13157 -0.033163681
4463 49228 -0.000986056
4463 22286 -0.001217838
4465 4806 -0.003003165
4467 6743 -0.000990948
4467 1155 -0.036556002
4468 2369 -0.022769708
4470 898 -0.063525453
4476 1563 -0.010327520
4477 43733 -0.000805691
4478 3625 -0.044998278
4479 5822 -0.057153735
4481 19057 -0.004981386
4482 7230 -0.005254676
4482 2620 -0.026140800
4482 567 -0.003873722
4483 4058 -0.033968730
4484 2369 -0.011695674
4486 47027 -0.001669173
4487 9775 -0.007432163
4487 1770 -0.034010478
4489 2255 -0.031490705
4492 1845 -0.076496039
4494 1674 -0.018282315
4497 653 -0.034823149
4499 6377 -0.004930864
4502 2888 -0.030615330
4503 2101 -0.038626647
4504 774 -0.010708055
4504 149 -0.033821802
4507 731 -0.062386088
4508 76 -0.019727172
4510 2010 -0.007839390
4512 1521 -0.003100556
4513 4900 -0.001188521
4514 1727 -0.014756390
4515 1546 -0.022489540
4516 768 -0.002339594
4516 1569 -0.096451249
4516 953 -0.032884870
4518 5739 -0.021872458
4518 1010 -0.012696920
4518 193 -0.005829004
4519 4891 -0.017136412
4520 2760 -0.027222310
4525 49542 -0.000206797
4526 4611 -0.003752317
4526 1334 -0.011723677
4527 183 -0.044507519
4528 468 -0.027300678
4528 224 -0.044991392
4529 13767 -0.003016607
4530 5430 -0.005347939
4530 3802 -0.010496998
4531 492 -0.024132606
4532 40341 -0.001572265
4532 584 -0.040247560
4535 4807 -0.001911342
4535 768 -0.006059632
4536 8605 -0.001742226
4536 558 -0.017243137
4543 5281 -0.054933725
4544 3191 -0.015845072
4544 266 -0.005373748
4547 5506 -0.002749344
4547 1664 -0.008171389
4549 9658 -0.007769129
4549 8830 -0.010727558
4549 2791 -0.014018343
4552 7405 -0.009921939
4552 342 -0.016958490
4552 2386 -0.011528195
4553 19347 -0.007223547
4553 868 -0.065666495
4554 294 -0.023519907
4555 21345 -0.008493751
4555 3078 -0.008459436
4556 8662 -0.001601805
4558 721 -0.015937407
4560 526 -0.048648811
4560 2646 -0.020116059
4560 1855 -0.038863242
4561 8830 -0.010604345
4561 2460 -0.020748335
4563 7102 -0.004857152
4564 6267 -0.002713544
4566 9087 -0.018972946
4566 1688 -0.037124436
4567 306 -0.022267835
4567 1692 -0.024968161
4567 357 -0.046881212
4568 4418 -0.011907644
4568 713 -0.018681408
4569 11441 -0.000517169
4573 441 -0.023548891
4574 49882 -0.000214850
4574 526 -0.000310320
4575 2737 -0.007356947
4576 213 -0.024462227
4579 582 -0.064048265
4579 814 -0.012515755
4580 8247 -0.001184062
4580 5773 -0.002809187
4581 1128 -0.007341739
4582 1044 -0.050689155
4584 50154 -0.001284804
4585 2251 -0.012859777
4586 17013 -0.011448327
4588 2224 -0.013550998
4589 395 -0.008764327
4590 10188 -0.056727458
4591 17483 -0.016378895
4591 4991 -0.019469641
4591 1184 -0.003744830
4591 1730 -0.005938341
4591 748 -0.182398590
4591 828 -0.080765580
4593 414 -0.060447974
4594 50358 -0.002193126
4595 5429 -0.040531004
4596 4294 -0.013342535
4596 550 -0.037456036
4597 10540 -0.004525471
4597 6012 -0.042050544
4597 2865 -0.003072519
4598 39 -0.001706184
