mutation
-0.001026230
-0.000252546
-0.000019503
-0.001226101
-0.000015120
-0.000162312
-0.001017883
-0.000453386
-0.001906763
-0.002441438
-0.000592366
-0.000220081
-0.000727962
-0.001676929
-0.001373529
-0.000328106
-0.000921107
-0.000573130
-0.001633725
-0.000850821
-0.000701945
-0.000690713
-0.000802615
-0.000586146
-0.000264237
-0.001426103
-0.000439274
-0.001071400
-0.000596175
-0.002456894
-0.000026785
-0.000630387
-0.000398796
-0.001503500
-0.002830816
-0.000861263
-0.000927904
-0.002259977
-0.000267206
-0.000110058
-0.001498938
-0.000078799
-0.000778586
-0.000090444
-0.000603299
-0.001245932
-0.000834968
-0.001051995
-0.000262160
-0.000919092
-0.000349052
-0.000486676
-0.001399209
-0.000464144
-0.000114054
-0.001645517
-0.000151965
-0.001937925
-0.001415993
-0.000226811
-0.000372764
-0.000777243
-0.000617836
-0.000322332
-0.001188023
-0.002550994
-0.000761383
-0.000163263
-0.000080618
-0.000381828
-0.001253693
-0.003660988
