site node derived_state
9 8478 -0.020687038
10 4469 -0.012536402
10 1128 -0.007838374
19 607 -0.008457644
20 5894 -0.006698507
21 109 -0.095035411
24 297 -0.089521790
27 30 -0.029254139
30 4771 -0.004828015
35 1255 -0.019009452
38 1770 -0.030175348
39 9713 -0.012258456
40 4646 -0.001616863
41 7840 -0.028148010
43 227 -0.053665790
45 1035 -0.029437158
51 557 -0.008910661
54 67 -0.009180015
55 1075 -0.001474520
59 291 -0.076561411
60 10771 -0.002218839
60 2640 -0.000886252
60 1911 -0.021685275
64 10990 -0.001534819
64 7750 -0.046477414
65 862 -0.063385157
65 333 -0.047129723
71 4836 -0.028949839
72 29470 -0.003170902
74 1753 -0.028654618
74 2170 -0.058828612
75 1979 -0.021902985
77 5295 -0.050165894
80 2239 -0.000207831
81 3736 -0.017344205
81 1633 -0.064907166
84 6779 -0.003100820
87 1397 -0.038110211
87 4017 -0.001577529
89 6017 -0.008958651
89 615 -0.015661791
95 51914 -0.001026230
95 607 -0.014772953
98 12396 -0.007314689
98 919 -0.002213005
99 4416 -0.019178082
100 3781 -0.062240102
101 99 -0.002611887
103 2636 -0.003324097
107 1781 -0.008570980
107 691 -0.013677297
108 4845 -0.000909830
109 5036 -0.024819870
113 3330 -0.067579554
116 1289 -0.023109425
117 759 -0.031454890
119 4196 -0.007738865
122 1556 -0.010089977
123 2062 -0.013507509
126 2155 -0.016790936
126 1359 -0.130913304
126 647 -0.002396565
127 8767 -0.014587026
131 956 -0.049453770
132 31591 -0.004065234
132 992 -0.022462714
133 1319 -0.070838784
134 2521 -0.005574565
135 949 -0.039888471
138 4195 -0.020913882
139 48138 -0.000252546
143 2563 -0.060139468
147 4491 -0.002304023
149 412 -0.036698136
150 1543 -0.021672131
151 270 -0.048521427
156 2503 -0.035287968
157 54557 -0.000019503
157 1978 -0.108543453
159 1356 -0.023919912
164 837 -0.047376016
165 2823 -0.141485707
172 36058 -0.000317147
172 7876 -0.003898580
175 1675 -0.005799994
181 13867 -0.011753827
183 988 -0.026826287
185 23509 -0.000271562
194 1763 -0.018575425
199 16 -0.032230822
201 406 -0.008330422
208 20387 -0.002190676
208 5630 -0.024814254
209 807 -0.034528378
210 2117 -0.007428972
214 1096 -0.000150659
214 923 -0.046572022
219 3450 -0.002792095
227 1945 -0.011984143
228 1382 -0.005667813
229 2687 -0.034040245
230 67 -0.075948126
232 6619 -0.045623198
235 146 -0.004949076
237 3916 -0.000607621
238 12062 -0.036167301
241 54511 -0.001226101
242 8251 -0.001299098
243 1812 -0.034693945
244 5539 -0.017841305
249 2259 -0.030688872
252 1600 -0.003844432
256 793 -0.016975298
263 2568 -0.002305882
264 21384 -0.005396262
265 388 -0.072512939
267 608 -0.005257922
275 3122 -0.011136743
275 4515 -0.038350653
275 2202 -0.089555059
285 1113 -0.009268353
293 4241 -0.001238145
296 3096 -0.005313840
297 20927 -0.004939714
299 14235 -0.022960329
300 1594 -0.042582468
305 51755 -0.000015120
308 609 -0.018113476
308 9561 -0.004643165
309 38527 -0.001184878
309 4911 -0.015453600
311 3274 -0.004449674
312 1816 -0.019328597
315 5157 -0.017786179
321 1354 -0.046294336
325 1845 -0.000932055
326 5174 -0.012624791
326 1388 -0.010438549
327 3521 -0.039700029
328 38856 -0.000254820
328 544 -0.025404383
336 1727 -0.029514207
337 444 -0.023863076
339 4492 -0.035382881
339 1548 -0.032974605
340 1666 -0.041175511
342 1642 -0.050486460
344 1527 -0.013486042
345 615 -0.012520936
347 5737 -0.094062050
349 4834 -0.029459648
349 948 -0.053594966
350 20927 -0.027462929
352 25943 -0.000743565
352 84 -0.001620659
353 4877 -0.017748691
354 16623 -0.001104026
354 119 -0.048241812
357 35020 -0.000752889
359 1385 -0.007471500
359 127 -0.008855314
363 2204 -0.035690739
364 2467 -0.033163404
368 14694 -0.000894728
369 9859 -0.007345860
371 5194 -0.012696370
371 5869 -0.001241736
372 691 -0.025743035
374 1307 -0.014993550
379 195 -0.014376220
379 493 -0.013879044
381 17917 -0.012174119
382 5194 -0.016078497
385 1526 -0.017149977
386 1031 -0.032948789
388 696 -0.022676024
391 2623 -0.035377773
395 2660 -0.063331115
399 1081 -0.013696815
407 10630 -0.010435564
407 3197 -0.010640421
408 8084 -0.002935661
411 3533 -0.012059882
412 52312 -0.000162312
413 52312 -0.001017883
415 412 -0.001062033
418 5286 -0.000662202
421 1547 -0.038780216
424 2592 -0.037140271
426 953 -0.013332657
427 4170 -0.034090496
428 8572 -0.025360214
429 5444 -0.028438235
432 26676 -0.001553061
447 51028 -0.000803474
448 41468 -0.001656819
448 958 -0.014908497
449 1045 -0.034671613
449 588 -0.003769633
450 7255 -0.005194880
455 25731 -0.001943161
457 1711 -0.026793461
463 13970 -0.006910469
463 5690 -0.082721746
464 1417 -0.031408317
468 1357 -0.017725625
469 470 -0.001713744
472 457 -0.165212493
473 170 -0.003367844
473 814 -0.011831029
478 18342 -0.001008097
481 13168 -0.004398671
482 9785 -0.015789731
482 2677 -0.019273239
482 277 -0.031043850
485 270 -0.017122084
486 320 -0.003779969
488 487 -0.055940196
491 49595 -0.000453386
492 10773 -0.009108154
494 6725 -0.078768369
496 328 -0.011500041
498 510 -0.012293574
499 1618 -0.000557643
499 708 -0.030111136
501 13499 -0.003952326
502 1320 -0.012153726
503 1249 -0.000249020
504 841 -0.015338339
504 802 -0.030330055
506 8839 -0.000399665
508 4169 -0.013946422
509 4343 -0.000221171
511 147 -0.012645972
511 1862 -0.012055662
513 14921 -0.015510575
514 439 -0.046522927
516 1763 -0.037956220
518 3803 -0.044482664
520 1217 -0.017455198
521 44588 -0.002185843
525 5649 -0.002998262
525 1416 -0.002798955
525 420 -0.026346334
526 1752 -0.031416601
527 2350 -0.001845238
528 5149 -0.010113811
536 20904 -0.017356206
536 8653 -0.000048345
536 3027 -0.032316741
539 45998 -0.003012381
541 1554 -0.091439532
542 227 -0.029715710
542 1198 -0.009665984
544 6406 -0.000740916
544 7115 -0.036679006
547 49290 -0.000123815
548 1501 -0.004879945
549 1740 -0.072911465
551 2603 -0.063439225
553 1431 -0.018319724
556 4468 -0.003341681
564 174 -0.011921859
568 11625 -0.015770376
568 842 -0.025228962
569 21373 -0.033554389
577 52386 -0.001906763
579 10852 -0.018781343
582 3615 -0.011250450
585 1669 -0.007451625
587 4561 -0.015279498
591 2617 -0.023655593
594 175 -0.006868197
595 6784 -0.026731354
596 6704 -0.041195665
596 2171 -0.013590939
603 2534 -0.006734295
604 11314 -0.006360818
605 3508 -0.036505592
607 24153 -0.006655206
610 9323 -0.000957647
616 469 -0.016337070
616 1116 -0.007690703
616 921 -0.017871399
620 9892 -0.007790200
620 565 -0.045067014
623 928 -0.050234830
624 24693 -0.007898680
624 3543 -0.131890289
633 207 -0.049258905
633 1125 -0.003119709
636 3510 -0.060323852
636 2908 -0.060393827
636 475 -0.004850399
639 1903 -0.087576581
641 6686 -0.030051336
642 816 -0.003699782
642 1198 -0.065342719
645 454 -0.032912895
646 53313 -0.002441438
646 8221 -0.020506683
646 1865 -0.049962893
649 1762 -0.012548735
651 18496 -0.002026177
655 2071 -0.046069725
656 63 -0.049014878
657 51225 -0.000592366
657 4313 -0.017334660
662 1392 -0.062092587
663 979 -0.046376499
670 6143 -0.015748250
672 1883 -0.027641524
674 652 -0.035818052
676 4547 -0.011692629
676 356 -0.015582656
677 533 -0.016599294
678 1550 -0.012498858
681 5039 -0.031558198
682 817 -0.050700904
685 946 -0.026707660
687 903 -0.016768060
688 12331 -0.003926621
692 471 -0.026513510
693 6516 -0.003580586
695 12609 -0.004002514
695 3783 -0.014585995
696 5501 -0.011324986
697 6895 -0.005722216
699 7416 -0.009993319
699 1506 -0.146530281
701 2605 -0.052007544
703 1711 -0.003860780
707 27830 -0.000769657
707 10165 -0.006211066
708 323 -0.039621187
709 12498 -0.010443568
711 335 -0.004795673
714 189 -0.071046077
718 1975 -0.010361662
719 287 -0.028044283
723 1294 -0.018968381
724 800 -0.000862736
724 333 -0.008841240
730 296 -0.003203415
730 714 -0.050128886
731 15841 -0.004724188
733 3483 -0.004467593
733 1654 -0.006864910
735 11353 -0.022759658
739 6404 -0.020194442
740 9787 -0.025171554
741 1224 -0.010991178
745 4979 -0.059247572
746 1455 -0.001287906
749 12546 -0.000250729
751 4402 -0.017370561
751 3623 -0.007225418
751 3583 -0.000434822
751 810 -0.001825053
758 2999 -0.007823957
760 876 -0.013343776
762 489 -0.057091627
764 3319 -0.005316561
766 8487 -0.000289238
767 583 -0.009730051
769 429 -0.003223542
770 32863 -0.000461502
771 12815 -0.006199711
783 52114 -0.000220081
784 53476 -0.000727962
784 970 -0.043879834
789 4144 -0.033727087
790 3873 -0.011210845
791 983 -0.002071134
792 3572 -0.011462414
792 487 -0.003355807
801 20650 -0.003248546
803 38417 -0.002756140
803 1816 -0.001026332
807 4454 -0.064888472
811 1218 -0.001171624
813 51500 -0.001676929
818 818 -0.011618706
821 820 -0.100435751
823 1043 -0.025019862
828 9211 -0.027338964
828 1723 -0.055726430
829 3618 -0.013281833
835 1922 -0.062518281
835 609 -0.005580988
840 1630 -0.017661027
842 758 -0.076725283
844 4803 -0.013638031
844 957 -0.010320591
849 1200 -0.005142291
850 49401 -0.001373529
853 5088 -0.020330109
853 1402 -0.124218823
853 1950 -0.025462561
857 4945 -0.026625635
857 1255 -0.007371800
857 515 -0.012693921
857 1492 -0.030136464
858 32174 -0.000437687
858 3969 -0.030335687
859 324 -0.038655876
865 3377 -0.015783506
865 1877 -0.027872928
866 31983 -0.001172535
869 640 -0.011064871
871 50670 -0.000328106
872 2345 -0.060141357
874 5385 -0.014303742
874 132 -0.019667678
875 5272 -0.015049795
878 337 -0.005451869
879 6829 -0.010616457
883 21612 -0.004791307
884 13151 -0.017671404
885 512 -0.056933446
886 1083 -0.057065676
886 370 -0.012294552
887 6513 -0.019964397
890 242 -0.022189479
890 503 -0.023445808
894 1206 -0.026526956
896 4524 -0.000098959
897 49 -0.005503948
902 789 -0.108342677
906 5099 -0.011136497
907 26892 -0.004607187
907 1022 -0.019461371
907 415 -0.001111853
909 3023 -0.019520757
910 1669 -0.024556149
910 1390 -0.023295196
914 40519 -0.000723694
920 2150 -0.022093334
921 7595 -0.004169515
921 9964 -0.000162158
922 1496 -0.074133575
923 372 -0.007831224
923 1918 -0.059418708
924 2475 -0.024808708
925 6524 -0.004808749
925 2926 -0.024399251
929 2832 -0.011299278
930 28008 -0.002079740
933 1173 -0.053073825
937 4377 -0.003829039
937 1487 -0.074254707
942 7062 -0.021962095
943 10003 -0.026220500
944 2171 -0.016757965
945 16074 -0.001947626
948 49445 -0.000921107
950 3096 -0.044053139
951 3127 -0.073962288
953 4094 -0.001040436
958 2019 -0.025968090
960 4732 -0.008641882
960 6300 -0.013689964
961 791 -0.018644344
962 1612 -0.004703058
964 11342 -0.001014122
966 4734 -0.005988810
971 7387 -0.000462704
975 49706 -0.000573130
976 13134 -0.001062540
979 1044 -0.015356018
980 19971 -0.005177990
982 52859 -0.000057130
982 1222 -0.032542842
983 1615 -0.015100446
985 3584 -0.056904390
986 5260 -0.013628651
986 5998 -0.005656299
990 650 -0.058131896
1001 2712 -0.018659531
1002 1201 -0.003311718
1004 1882 -0.008693301
1005 6339 -0.011078474
1008 676 -0.019249265
1009 5036 -0.002555605
1011 271 -0.023021867
1012 431 -0.025279417
1014 657 -0.009463908
1015 8755 -0.042302520
1016 5982 -0.004747070
1019 1030 -0.086351529
1019 1203 -0.033422587
1021 46487 -0.001633725
1021 5627 -0.004635198
1021 9585 -0.011747899
1021 274 -0.013409377
1021 1243 -0.010474385
1024 2446 -0.016300464
1031 50421 -0.000850821
1034 153 -0.006218472
1038 1039 -0.046856247
1043 52780 -0.000701945
1044 6773 -0.023744920
1049 9482 -0.008152529
1049 5173 -0.006294103
1050 2293 -0.035702951
1051 53682 -0.000690713
1052 10310 -0.031627760
1058 7081 -0.026493287
1059 859 -0.026173806
1065 21525 -0.000848427
1068 12431 -0.015595123
1068 1293 -0.032104477
1071 13152 -0.000215691
1072 7781 -0.007426784
1075 3936 -0.040705458
1075 3088 -0.051437401
1078 16549 -0.009101309
1080 2664 -0.021176300
1084 9086 -0.026481564
1085 2499 -0.011683711
1085 308 -0.044386124
1087 4283 -0.001659828
1090 47230 -0.000660359
1095 523 -0.012190066
1096 48585 -0.000802615
1098 31003 -0.001468889
1098 3309 -0.013985104
1099 10761 -0.000500341
1102 8534 -0.028740629
1103 2707 -0.008809097
1104 1016 -0.005981232
1105 10514 -0.006319461
1109 1967 -0.004911277
1110 1552 -0.050883051
1111 837 -0.013847724
1116 1950 -0.006197048
1119 3570 -0.012322465
1120 9482 -0.002285192
1121 7238 -0.036799276
1122 50078 -0.000586146
1122 13840 -0.010935755
1124 3478 -0.007447456
1124 6096 -0.028874159
1124 1282 -0.011844867
1130 5588 -0.048557376
1131 470 -0.013999763
1132 5663 -0.003335797
1132 1238 -0.042499945
1134 1530 -0.006684463
1140 1557 -0.023709147
1144 1480 -0.018009671
1148 2763 -0.000454779
1151 927 -0.002437965
1153 20541 -0.002415881
1159 3694 -0.000756290
1162 13147 -0.015913445
1163 34830 -0.000739574
1163 1416 -0.038691062
1170 1074 -0.026439929
1172 90 -0.003037696
1173 3095 -0.035237523
1174 1904 -0.004526345
1176 4981 -0.011536103
1178 15750 -0.006566772
1180 3299 -0.025749996
1184 3456 -0.035706777
1188 14729 -0.007479743
1188 4511 -0.117963822
1189 1644 -0.014921487
1192 7303 -0.002030155
1196 2784 -0.035249104
1196 1399 -0.013971105
1197 461 -0.003207965
1198 15759 -0.005793975
1198 1451 -0.003418289
1199 587 -0.062893026
1200 23 -0.016680459
1201 34050 -0.000529361
1202 9116 -0.050226560
1205 10369 -0.036046615
1213 4584 -0.005636527
1214 904 -0.023006821
1215 3944 -0.006212607
1220 6307 -0.076287099
1224 2259 -0.059446230
1226 3606 -0.002008373
1226 4634 -0.013292155
1227 16970 -0.023401745
1228 19887 -0.010224485
1228 530 -0.011372070
1228 180 -0.018156059
1229 5552 -0.006124959
1231 684 -0.008448525
1232 18488 -0.016397805
1232 2232 -0.028188503
1233 5360 -0.003218991
1236 787 -0.055175535
1237 17037 -0.006077329
1237 1168 -0.054895164
1237 648 -0.036953774
1240 485 -0.005013973
1244 6496 -0.017793152
1244 1952 -0.000597677
1244 1274 -0.008140704
1246 6351 -0.012494159
1246 1682 -0.014493926
1247 34848 -0.000009082
1248 9903 -0.023578597
1248 515 -0.003628692
1251 0 -0.013824430
1252 608 -0.012231217
1254 3135 -0.017602096
1254 438 -0.002887209
1259 46299 -0.000264237
1259 12188 -0.001499903
1259 119 -0.023236420
1266 127 -0.011457435
1270 869 -0.001128936
1272 818 -0.031808623
1273 897 -0.028229893
1273 8888 -0.016553472
1273 902 -0.004255981
1276 1306 -0.002462821
1279 4925 -0.002157118
1279 0 -0.092104071
1285 1900 -0.007767890
1285 1968 -0.011612192
1290 764 -0.028157668
1293 13246 -0.009821613
1295 3293 -0.014426481
1298 2307 -0.000165887
1307 1028 -0.012084172
1308 2929 -0.015082395
1312 328 -0.017784109
1313 883 -0.021999753
1313 1778 -0.035239717
1315 1077 -0.005377848
1316 1345 -0.052156007
1318 45 -0.091860547
1320 1926 -0.018910341
1325 6622 -0.005020547
1325 558 -0.006644905
1330 285 -0.029047344
1331 3319 -0.054804952
1334 5737 -0.018946000
1334 501 -0.005481808
1339 14558 -0.021283009
1341 46383 -0.000315571
1342 984 -0.009134085
1348 1416 -0.003057516
1349 414 -0.018505721
1350 6120 -0.009420944
1350 5731 -0.004337924
1356 3334 -0.025191473
1356 7556 -0.006422673
1359 14224 -0.004177895
1362 970 -0.048867140
1365 1539 -0.003487727
1367 5135 -0.001722548
1368 5402 -0.034466733
1373 12590 -0.002397821
1376 2458 -0.060926682
1377 7631 -0.011475258
1383 6593 -0.001376772
1383 9210 -0.022481492
1383 1674 -0.001573820
1386 500 -0.022552270
1387 321 -0.026553444
1394 37793 -0.003527892
1394 333 -0.044155658
1400 4878 -0.000221058
1402 329 -0.049817561
1406 3450 -0.005877673
1407 685 -0.043202642
1407 0 -0.021267797
1408 8089 -0.037122279
1409 4492 -0.043032043
1413 1149 -0.021429029
1421 3593 -0.027918176
1425 1241 -0.014716480
1439 35 -0.011399532
1440 216 -0.028740407
1441 2809 -0.012666068
1445 3201 -0.055240708
1448 2392 -0.083768001
1449 650 -0.053724701
1450 3909 -0.021205417
1452 38 -0.037806082
1454 6181 -0.004798338
1454 5869 -0.005905209
1455 1167 -0.002332672
1456 7721 -0.068926486
1456 4392 -0.034275058
1458 28618 -0.001782449
1459 9495 -0.017064548
1462 729 -0.007332072
1464 3127 -0.004224262
1466 16074 -0.013109305
1467 8442 -0.005559673
1468 1481 -0.020703093
1469 3961 -0.007739101
1472 5270 -0.004093792
1472 1385 -0.021733478
1474 35176 -0.000917457
1474 10490 -0.003271996
1477 9923 -0.002209971
1478 1508 -0.006325636
1482 26318 -0.002624756
1482 222 -0.008039507
1483 4521 -0.040961084
1487 1167 -0.001487308
1489 1502 -0.029250548
1490 3510 -0.019921194
1490 1848 -0.003420576
1491 4431 -0.004337011
1494 1794 -0.003623708
1499 2523 -0.011368734
1501 14323 -0.029445624
1501 837 -0.039034975
1501 1408 -0.013391202
1503 7438 -0.033225205
1503 195 -0.032844279
1504 14693 -0.040454815
1505 3829 -0.005904999
1509 816 -0.006193793
1509 1902 -0.045539554
1512 1045 -0.017164798
1512 12026 -0.021457231
1513 296 -0.072005527
1514 1541 -0.039936684
1516 1198 -0.084887256
1517 22342 -0.000265372
1518 36770 -0.000675608
1523 8321 -0.050782321
1523 3781 -0.022743723
1525 47497 -0.000010202
1526 51574 -0.001426103
1527 1209 -0.027337283
1533 576 -0.016330121
1534 3001 -0.010407326
1534 1822 -0.005743825
1534 1405 -0.007111943
1537 34378 -0.002265559
1538 24913 -0.003261680
1538 4617 -0.039305029
1543 951 -0.004530769
1543 1064 -0.043674011
1546 1690 -0.037636416
1547 1659 -0.037686927
1548 23854 -0.005356167
1548 11233 -0.004373240
1549 1306 -0.016823165
1549 6351 -0.032314111
1549 1969 -0.024483457
1554 522 -0.109451049
1555 6603 -0.008061881
1555 1532 -0.000688567
1557 11215 -0.001112209
1559 4849 -0.024053789
1561 1945 -0.008180071
1563 149 -0.036701706
1566 662 -0.004949482
1568 5999 -0.004387638
1568 685 -0.003595646
1572 1780 -0.042445915
1573 2817 -0.009650189
1574 802 -0.000676622
1577 41331 -0.000048676
1577 5522 -0.008629459
1577 1099 -0.068809766
1577 647 -0.018519961
1580 54390 -0.000439274
1581 63 -0.034812580
1585 6620 -0.010132853
1586 1337 -0.032245073
1588 1990 -0.005275115
1589 2416 -0.003205686
1590 52174 -0.001071400
1590 809 -0.058387185
1591 703 -0.013632348
1592 1721 -0.040038093
1593 4260 -0.034655470
1593 1186 -0.015588066
1594 50149 -0.000596175
1595 1042 -0.027416052
1597 2229 -0.131113067
1598 5178 -0.016460691
1609 3852 -0.006235332
1611 1295 -0.011245365
1613 463 -0.011912394
1615 1337 -0.055123661
1616 2381 -0.007310957
1620 1969 -0.000156691
1621 1017 -0.006684135
1623 1958 -0.020260796
1625 914 -0.015347820
1625 1183 -0.032380728
1626 50382 -0.002456894
1627 1289 -0.038998863
1629 7103 -0.006965031
1629 1269 -0.007421671
1629 1737 -0.001456053
1635 21097 -0.011985416
1637 317 -0.079945762
1639 3455 -0.047377915
1651 32594 -0.001529423
1653 6950 -0.022343063
1659 1025 -0.015684003
1665 4690 -0.025368291
1665 841 -0.015249497
1667 3245 -0.000742438
1669 4658 -0.023542038
1671 14608 -0.003083356
1671 1551 -0.030514990
1672 1160 -0.018814593
1676 1240 -0.012272311
1677 4620 -0.001742760
1677 127 -0.005020341
1681 3091 -0.005218239
1681 2204 -0.062401233
1684 1073 -0.016581278
1691 5121 -0.010223543
1693 3310 -0.065299234
1695 44560 -0.000538193
1698 10488 -0.038794289
1699 145 -0.016238952
1705 267 -0.035914074
1706 430 -0.007586077
1707 710 -0.014748446
1709 1554 -0.032925859
1710 161 -0.033938111
1715 2614 -0.040736092
1719 47184 -0.000026785
1724 1627 -0.010824621
1724 1297 -0.018917258
1728 6991 -0.029156421
1728 3693 -0.033414081
1739 1197 -0.025246942
1741 14361 -0.000190622
1741 5943 -0.027447219
1747 8141 -0.001207880
1749 3754 -0.008100334
1749 1574 -0.017404997
1750 3005 -0.010411975
1751 1041 -0.040138013
1754 28903 -0.001195058
1759 285 -0.012397456
1760 1515 -0.024611048
1761 759 -0.002777473
1763 248 -0.001811096
1765 622 -0.016923078
1766 190 -0.004260462
1767 53835 -0.000630387
1771 4861 -0.033931263
1772 489 -0.071041040
1773 124 -0.010786966
1774 3155 -0.044633000
1774 1609 -0.004866795
1775 4164 -0.003240073
1775 321 -0.050267343
1779 5278 -0.012495943
1781 4250 -0.015413586
1785 3667 -0.002672073
1786 1388 -0.037237873
1788 16106 -0.008762240
1792 1589 -0.006671604
1792 154 -0.003861120
1798 11513 -0.004521526
1798 915 -0.005145783
1801 1628 -0.029650412
1804 1394 -0.000142119
1813 3215 -0.016120780
1814 1713 -0.023154516
1820 12716 -0.011170404
1820 1167 -0.031021416
1823 26688 -0.001074549
1823 17122 -0.015400147
1823 9846 -0.022600487
1824 1713 -0.018457750
1826 4306 -0.033855134
1830 384 -0.012986774
1832 3927 -0.010685328
1833 5121 -0.027746993
1834 4910 -0.020023284
1834 1008 -0.008815191
1838 8192 -0.027982274
1842 1143 -0.035100187
1843 2866 -0.001234876
1845 485 -0.025091440
1846 8539 -0.010428131
1848 1920 -0.029601905
1851 1927 -0.006343896
1858 4342 -0.002496686
1859 32533 -0.000097094
1859 4094 -0.005537101
1859 2432 -0.042705889
1861 1373 -0.095630138
1865 52013 -0.000398796
1866 1282 -0.018485713
1868 640 -0.027184417
1873 1536 -0.036170383
1875 509 -0.020204713
1876 5555 -0.023132074
1880 557 -0.013945816
1881 324 -0.046639176
1882 47539 -0.001503500
1883 38346 -0.002074676
1883 197 -0.002662062
1884 1628 -0.024772202
1886 368 -0.015199638
1892 543 -0.017368321
1894 1192 -0.016965205
1899 17266 -0.002557208
1902 52466 -0.002830816
1904 2472 -0.049303179
1905 3551 -0.045566213
1910 53685 -0.000861263
1912 446 -0.030790877
1912 1376 -0.019665024
1913 1353 -0.007136626
1914 3275 -0.058776664
1916 2079 -0.057063711
1920 2074 -0.076176552
1923 1619 -0.016553024
1924 48220 -0.000927904
1925 3727 -0.015784928
1927 5921 -0.013240691
1929 3245 -0.055225459
1929 1105 -0.008179514
1932 6245 -0.045965123
1935 23211 -0.004647844
1935 1739 -0.031386615
1936 257 -0.089401630
1938 2999 -0.025565998
1943 15452 -0.004616658
1943 15216 -0.006782916
1944 3660 -0.054284356
1945 2523 -0.042911799
1947 1321 -0.055284555
1950 1597 -0.022674972
1951 40940 -0.003242615
1953 54564 -0.002259977
1955 1053 -0.056977145
1955 1275 -0.015959030
1955 1410 -0.029629555
1958 5998 -0.091697418
1960 33733 -0.004780939
1960 1615 -0.002880504
1963 5243 -0.001286098
1966 2858 -0.005924921
1969 352 -0.073085670
1970 1149 -0.016953832
1973 758 -0.035708109
1976 3346 -0.006625473
1977 1597 -0.085364075
1977 2688 -0.013713778
1978 461 -0.017568966
1978 435 -0.005701993
1979 2255 -0.023633362
1980 472 -0.003508331
1981 3953 -0.000599976
1981 841 -0.034074203
1982 566 -0.007980410
1983 2079 -0.048445987
1984 12208 -0.039586163
1984 1824 -0.050259221
1987 29821 -0.000416907
1987 7026 -0.042099248
1987 1675 -0.016466695
1993 3968 -0.036344313
1995 1529 -0.015283218
1996 1854 -0.095686274
1999 952 -0.102677546
2000 2110 -0.002434392
2000 160 -0.001466193
2001 3320 -0.076572532
2001 4980 -0.030554274
2003 4078 -0.039594683
2006 13994 -0.018202425
2008 50958 -0.000267206
2009 565 -0.115320143
2014 7840 -0.012315745
2015 6798 -0.051147788
2016 6496 -0.008422326
2017 16073 -0.009052289
2019 885 -0.039897295
2020 2695 -0.003148034
2022 9079 -0.005275438
2022 422 -0.054716192
2025 4303 -0.013867525
2025 664 -0.039584678
2029 6183 -0.014449368
2030 2076 -0.005936948
2034 9528 -0.027219862
2034 299 -0.029872148
2034 8 -0.003321899
2034 236 -0.059582637
2036 7003 -0.048058451
2040 1077 -0.046487861
2041 3399 -0.000865862
2041 1341 -0.040704882
2042 2542 -0.011882318
2042 1460 -0.013710367
2042 262 -0.087457210
2043 1469 -0.026805934
2043 2438 -0.023305163
2044 11937 -0.000263777
2047 537 -0.019216425
2048 3886 -0.149135335
2053 4846 -0.016963083
2055 4490 -0.008685658
2058 368 -0.107202212
2059 1970 -0.066549171
2063 9481 -0.000149582
2065 35076 -0.007739112
2065 892 -0.006968495
2067 650 -0.014824200
2069 1145 -0.006343575
2072 10462 -0.014049529
2072 564 -0.000652640
2074 20317 -0.007504545
2076 7730 -0.026670078
2076 1084 -0.004543324
2080 661 -0.032478510
2083 2659 -0.003210562
2083 2281 -0.008763383
2091 179 -0.028578837
2092 4978 -0.051405193
2100 13582 -0.011398846
2100 3170 -0.018669680
2102 4766 -0.000857882
2103 8686 -0.006516089
2111 8757 -0.023546802
2113 2388 -0.013566165
2115 115 -0.015082153
2116 50723 -0.001113084
2116 20016 -0.009460316
2122 5361 -0.010182699
2122 918 -0.008957937
2124 3675 -0.005148731
2129 3088 -0.004645550
2129 1952 -0.032475416
2130 1199 -0.058529728
2131 956 -0.006807839
2134 29759 -0.001233891
2135 4416 -0.029573786
2135 2023 -0.068671296
2137 42841 -0.001593796
2138 1045 -0.024188383
2138 850 -0.027732175
2145 3025 -0.066235782
2146 1950 -0.010532315
2147 7665 -0.021336513
2148 9547 -0.019984725
2150 1938 -0.011683340
2152 891 -0.009131500
2161 243 -0.028992518
2168 4618 -0.027401727
2168 874 -0.001491887
2170 14284 -0.000802137
2170 252 -0.024706821
2171 979 -0.110571882
2172 1020 -0.001427875
2173 30320 -0.004828487
2177 1021 -0.001789775
2179 1306 -0.035335408
2180 3936 -0.048152546
2180 1032 -0.020571675
2181 537 -0.012688883
2184 2505 -0.027357185
2185 649 -0.032612115
2188 36747 -0.002246159
2189 8124 -0.070708399
2190 2283 -0.049177623
2191 6286 -0.005432554
2194 1680 -0.051533774
2197 14516 -0.009145723
2198 54254 -0.000110058
2198 3090 -0.103586041
2198 1628 -0.009981501
2199 17692 -0.012010479
2199 5878 -0.011595844
2200 11806 -0.018319677
2201 1861 -0.003062072
2203 9588 -0.007390320
2203 2615 -0.022822330
2206 2635 -0.021028701
2207 1202 -0.020593130
2210 1498 -0.047072093
2214 6357 -0.008994869
2217 3825 -0.011332759
2222 1089 -0.015576816
2223 23010 -0.002358509
2223 3070 -0.070411729
2230 3278 -0.001671844
2231 2767 -0.047711724
2232 51270 -0.001498938
2234 112 -0.032183551
2235 48070 -0.000078799
2236 4966 -0.032247599
2238 1122 -0.010338839
2238 1711 -0.042524954
2242 18437 -0.011433292
2243 8037 -0.004600696
2244 496 -0.030999493
2245 1958 -0.079201687
2248 2455 -0.041855646
2253 189 -0.038923794
2256 5998 -0.000569482
2256 6 -0.027505233
2261 837 -0.010417335
2261 1001 -0.005546462
2266 24696 -0.000750539
2267 14044 -0.012007782
2269 3254 -0.068801436
2269 436 -0.004359782
2277 344 -0.000840141
2278 3831 -0.038556501
2279 9263 -0.010990313
2281 3831 -0.011708589
2281 593 -0.029558541
2282 6995 -0.023646327
2285 7167 -0.053540468
2287 14852 -0.008737443
2289 12173 -0.001867191
2289 1006 -0.001046401
2291 2001 -0.077879189
2292 2345 -0.016749144
2292 1026 -0.010234220
2293 52663 -0.000778586
2295 1375 -0.026033450
2298 375 -0.001683450
2301 1030 -0.002192144
2302 3333 -0.052328226
2302 596 -0.020806657
2304 1865 -0.003783176
2312 48533 -0.000090444
2312 6913 -0.001634811
2313 642 -0.015056379
2316 1956 -0.003266867
2318 4468 -0.002063244
2319 712 -0.003993341
2322 1331 -0.028939765
2328 10931 -0.008650336
2330 357 -0.023179472
2331 252 -0.003929426
2333 391 -0.013699251
2336 4595 -0.000809298
2337 257 -0.031154903
2337 2349 -0.016013923
2339 1957 -0.019977242
2340 16837 -0.044276517
2342 5361 -0.047439098
2343 5229 -0.001010163
2345 3027 -0.002642469
2353 1201 -0.000150133
2356 24925 -0.003880796
2357 4534 -0.022471563
2358 7626 -0.008126519
2359 10931 -0.001794865
2361 12117 -0.006067314
2362 10105 -0.022327562
2365 3054 -0.011061487
2368 7960 -0.004308485
2370 320 -0.002980271
2372 114 -0.022456247
2376 49863 -0.000603299
2376 496 -0.015674155
2377 14181 -0.012434767
2383 19899 -0.003715135
2383 13247 -0.002712495
2385 50610 -0.000315193
2386 27876 -0.002091209
2387 6813 -0.012680347
2387 1942 -0.013419276
2388 25676 -0.008579907
2390 8549 -0.017800445
2393 1077 -0.006726689
2397 2764 -0.021468064
2403 2941 -0.033809177
2403 1043 -0.000975259
2405 14335 -0.024927834
2409 3095 -0.008633333
2410 4979 -0.007862621
2411 24523 -0.003242860
2411 7123 -0.015852959
2414 1652 -0.029424870
2415 4977 -0.022258505
2415 1509 -0.015098938
2415 1694 -0.001444109
2417 936 -0.022297467
2417 1072 -0.016566333
2418 25684 -0.000867098
2418 810 -0.051093609
2419 4617 -0.040530330
2425 2611 -0.008662944
2429 8526 -0.015002478
2432 3724 -0.008146140
2432 344 -0.028097723
2432 222 -0.010059069
2434 4059 -0.024430381
2434 697 -0.067794832
2439 3917 -0.004753523
2442 1733 -0.071477700
2449 3421 -0.014613644
2457 5107 -0.029975211
2461 34 -0.002069744
2473 6169 -0.004165446
2473 4784 -0.045239808
2477 53644 -0.001245932
2480 53584 -0.000834968
2482 2951 -0.008669007
2483 6309 -0.018313342
2488 2727 -0.018355688
2491 1566 -0.031322159
2492 3398 -0.004380084
2495 95 -0.002059094
2497 81 -0.007486896
2499 2283 -0.024690121
2500 10877 -0.004389938
2500 1413 -0.050922191
2504 992 -0.037531231
2506 896 -0.023799841
2507 2941 -0.060962608
2508 515 -0.032136503
2509 1781 -0.107811499
2510 10379 -0.004074993
2510 6361 -0.002983135
2510 472 -0.001216854
2514 11533 -0.001257633
2514 1548 -0.014280303
2515 2607 -0.062818069
2519 530 -0.045801068
2520 15168 -0.003166158
2520 546 -0.005391052
2522 1742 -0.031717919
2524 1730 -0.049121789
2524 1252 -0.049008096
2526 3968 -0.063170027
2532 512 -0.041082421
2533 205 -0.010859801
2534 181 -0.060856072
2535 52010 -0.001051995
2538 1768 -0.015107904
2538 1800 -0.067251712
2545 34048 -0.001813544
2545 3325 -0.010584018
2549 512 -0.009704447
2550 1803 -0.015843908
2554 1318 -0.013919529
2554 2000 -0.020898135
2555 6538 -0.019171941
2556 3246 -0.044027027
2556 1068 -0.009855706
2557 1546 -0.008760205
2564 18778 -0.016424337
2573 1614 -0.002405739
2575 1420 -0.021534795
2578 4643 -0.021936987
2579 7546 -0.014717008
2582 4175 -0.051520298
2582 1123 -0.062437288
2584 40327 -0.001736692
2588 2160 -0.071197467
2589 5546 -0.002670216
2590 1602 -0.004876902
2598 1001 -0.051776435
2601 137 -0.060010598
2604 1003 -0.006455938
2611 1462 -0.008987091
2612 3659 -0.028188586
2613 1878 -0.051909887
2617 1793 -0.014851755
2619 2453 -0.012646291
2619 544 -0.005703163
2622 2122 -0.008528562
2623 737 -0.025341499
2624 202 -0.034859552
2626 20358 -0.001661209
2628 6787 -0.027257543
2629 16974 -0.009854793
2629 6759 -0.028307102
2631 4795 -0.046377671
2632 1273 -0.015804783
2637 37987 -0.000945028
2639 1628 -0.138236943
2640 24152 -0.001208785
2640 3926 -0.054231046
2643 4633 -0.036906879
2644 3064 -0.039823447
2646 368 -0.004360557
2646 3006 -0.008271859
2653 35868 -0.004495568
2654 978 -0.104411744
2655 2235 -0.058525253
2657 40 -0.003315728
2662 963 -0.005348115
2662 4620 -0.018567483
2666 190 -0.011120828
2666 2372 -0.012204346
2668 6674 -0.027831112
2672 374 -0.096768137
2679 4546 -0.037649670
2681 7975 -0.023373386
2681 1139 -0.019412812
2684 2280 -0.005876589
2689 2651 -0.000854536
2689 413 -0.016114915
2691 4818 -0.014922663
2692 1073 -0.012833723
2695 3013 -0.032980486
2695 64 -0.021059576
2696 271 -0.038079964
2699 464 -0.034308319
2700 2228 -0.021150667
2701 1004 -0.049714355
2705 7563 -0.009830470
2706 2046 -0.024012691
2707 270 -0.000132376
2707 2406 -0.022236590
2708 1435 -0.049927349
2708 764 -0.034380642
2709 1210 -0.079739293
2712 1435 -0.037563149
2713 31321 -0.002120493
2714 317 -0.005050263
2717 1460 -0.011818920
2718 8037 -0.004067830
2718 4398 -0.000313473
2718 668 -0.065786523
2719 12194 -0.004237153
2719 6757 -0.018285033
2722 2624 -0.027857744
2725 1067 -0.031715314
2726 965 -0.011162386
2728 203 -0.004709820
2729 2557 -0.038044171
2735 265 -0.006319272
2738 9826 -0.010160069
2744 52956 -0.000262160
2744 10111 -0.000662377
2747 1286 -0.043961849
2748 1864 -0.033602824
2752 6120 -0.001011497
2754 3210 -0.010539975
2756 8703 -0.017709894
2759 3058 -0.008419044
2760 12730 -0.018987168
2761 2415 -0.005896037
2763 20310 -0.004384147
2766 4027 -0.036537722
2769 833 -0.006414798
2773 223 -0.023655000
2773 1731 -0.006574837
2774 263 -0.022160239
2781 4663 -0.022899339
2782 5984 -0.115871236
2783 384 -0.014417120
2791 10236 -0.068111567
2794 117 -0.015638410
2796 3127 -0.022563732
2799 240 -0.000713360
2804 1655 -0.003869811
2804 667 -0.005378698
2806 1172 -0.019496853
2813 1295 -0.008660283
2816 31764 -0.001605656
2819 18501 -0.019211169
2820 3093 -0.059020325
2826 53520 -0.000919092
2827 381 -0.059889603
2829 575 -0.006682731
2830 1601 -0.033912478
2832 12314 -0.021952230
2834 2020 -0.020365668
2835 5227 -0.012091498
2836 53004 -0.000349052
2838 4248 -0.024828705
2843 1143 -0.023041135
2844 5829 -0.023188738
2844 956 -0.029013932
2845 1903 -0.020805449
2848 1335 -0.008154454
2852 4196 -0.017612769
2856 175 -0.085326175
2860 1996 -0.027219706
2862 9079 -0.008501948
2862 9847 -0.003996919
2863 2759 -0.076296290
2869 3943 -0.119648055
2873 6599 -0.012108523
2874 1268 -0.005388354
2876 2194 -0.019817076
2878 1427 -0.045006132
2882 563 -0.030754311
2890 1952 -0.005590480
2892 1075 -0.017827208
2893 359 -0.032148154
2895 24436 -0.000925860
2896 7457 -0.002508005
2897 7140 -0.025523022
2897 1639 -0.025111634
2901 1484 -0.021593605
2905 17040 -0.009347679
2906 8793 -0.003754359
2909 5077 -0.029457239
2910 12314 -0.016540383
2911 1927 -0.014483226
2911 1020 -0.033255913
2914 1655 -0.064114971
2915 316 -0.008659977
2916 5035 -0.020421685
2916 613 -0.018508024
2918 15235 -0.006583723
2918 21111 -0.014699468
2922 523 -0.010319282
2924 27054 -0.009855084
2926 9380 -0.012991584
2927 7731 -0.000023699
2928 4430 -0.011942891
2932 516 -0.015528885
2933 159 -0.014318981
2934 106 -0.047706268
2936 4434 -0.001804724
2936 6914 -0.029863495
2936 3526 -0.047749188
2936 2800 -0.013510930
2936 1647 -0.021970036
2938 51953 -0.000486676
2939 1295 -0.022836208
2940 51483 -0.001399209
2949 1562 -0.006820762
2952 2226 -0.072450219
2952 88 -0.007312546
2955 205 -0.017751544
2955 1529 -0.010079705
2956 16186 -0.007470003
2960 942 -0.016215788
2964 21619 -0.010823864
2967 1183 -0.025206768
2968 512 -0.019130205
2972 324 -0.001182491
2975 1031 -0.047795308
2978 2869 -0.019436727
2982 765 -0.083754973
2987 3998 -0.001510805
2988 2381 -0.012962233
2988 1588 -0.098068205
2988 896 -0.018875231
2988 1695 -0.037130989
2993 1612 -0.014769851
2995 136 -0.000264319
2996 2809 -0.006411309
2997 1733 -0.002726487
2998 1045 -0.014040099
3000 20364 -0.005903648
3005 1032 -0.013886951
3005 748 -0.026234357
3005 1130 -0.028052915
3007 3937 -0.027038918
3007 432 -0.005507575
3015 580 -0.018380413
3018 4832 -0.028375465
3026 5166 -0.001514926
3026 2723 -0.025308463
3027 353 -0.056340868
3027 580 -0.011359848
3029 527 -0.091567268
3029 607 -0.003127031
3030 269 -0.008333571
3035 5626 -0.004420071
3039 6789 -0.001589092
3040 3001 -0.030737084
3042 8760 -0.003518404
3043 8061 -0.009633151
3044 1266 -0.105171998
3046 803 -0.021751153
3047 4152 -0.059828878
3054 8426 -0.030721866
3054 1926 -0.038221395
3055 1696 -0.018445106
3056 5628 -0.014750358
3060 1137 -0.027306729
3062 30640 -0.012935905
3064 4596 -0.005658588
3064 679 -0.014195786
3069 175 -0.005190181
3072 9023 -0.028481403
3073 641 -0.050438947
3073 1818 -0.003844929
3078 1519 -0.049936226
3079 48008 -0.000464144
3079 5108 -0.051015543
3088 5539 -0.034657629
3092 1861 -0.017638968
3093 9211 -0.003660449
3094 428 -0.021880921
3095 3659 -0.021484568
3097 24711 -0.000157802
3104 2719 -0.045388820
3104 492 -0.037304203
3106 1620 -0.023735593
3111 1531 -0.054526145
3111 983 -0.072948699
3111 1908 -0.042825769
3113 1463 -0.011442005
3116 19111 -0.003558080
3116 1719 -0.026495093
3119 2719 -0.023979455
3121 37711 -0.005596336
3124 368 -0.009338670
3128 769 -0.007933298
3132 697 -0.018754462
3134 4775 -0.023406407
3134 265 -0.011143632
3139 25482 -0.008062873
3139 1198 -0.057614337
3148 2189 -0.006883198
3152 5048 -0.006437611
3153 10524 -0.001265489
3155 1231 -0.042211892
3155 284 -0.025548182
3158 9474 -0.006265024
3160 1403 -0.041259543
3160 2450 -0.032114237
3161 15887 -0.013683529
3161 486 -0.034695760
3162 4617 -0.005018990
3163 5177 -0.063347885
3166 1274 -0.027186735
3167 15043 -0.027303477
3169 3573 -0.066539838
3171 9071 -0.002397965
3172 430 -0.008643486
3173 19853 -0.004706532
3176 2272 -0.004386482
3181 5012 -0.028489873
3186 241 -0.006323675
3187 78 -0.041148781
3188 52641 -0.000114054
3189 52492 -0.001645517
3189 494 -0.002263948
3190 1621 -0.001551142
3190 550 -0.095173524
3190 305 -0.004466759
3196 11582 -0.007946544
3196 1971 -0.017168402
3198 3449 -0.013149359
3200 427 -0.032342195
3201 5761 -0.021946358
3204 3014 -0.001997988
3205 2906 -0.066196294
3217 2298 -0.003667893
3218 1100 -0.027736648
3218 403 -0.009757946
3219 2319 -0.000476602
3221 26985 -0.006395606
3221 1110 -0.011478677
3225 1851 -0.017985639
3225 454 -0.076640859
3231 17244 -0.005583010
3233 51295 -0.000151965
3233 3027 -0.023731611
3235 8141 -0.032387270
3236 4546 -0.003725083
3237 39984 -0.001498463
3237 3144 -0.000507792
3242 10203 -0.048614582
3245 1176 -0.034371949
3250 4369 -0.050132235
3250 1793 -0.036918388
3251 565 -0.011501108
3253 1030 -0.048994283
3256 1717 -0.020528444
3256 1532 -0.007889943
3257 33883 -0.008290906
3261 6169 -0.006055140
3262 4394 -0.028808388
3262 156 -0.034835995
3266 170 -0.013898684
3271 7661 -0.020081298
3271 3274 -0.001007645
3272 7640 -0.000968097
3273 4497 -0.015923554
3274 7442 -0.003473953
3277 568 -0.044602305
3278 8085 -0.018099596
3281 1266 -0.040082640
3281 935 -0.014215355
3282 1975 -0.029990754
3282 879 -0.000335299
3284 1976 -0.032466992
3287 4833 -0.008779825
3291 37644 -0.002990624
3291 320 -0.057931327
3292 5167 -0.004669021
3294 13368 -0.003635088
3295 751 -0.001551284
3301 4097 -0.021425000
3303 12978 -0.003872092
3306 11988 -0.021862665
3307 3140 -0.082652983
3311 11013 -0.023242693
3311 1148 -0.033927189
3319 352 -0.000699041
3319 1134 -0.028301376
3324 16671 -0.019331527
3331 4342 -0.012087054
3332 1305 -0.010939192
3335 1222 -0.031179231
3336 2191 -0.045496474
3337 4056 -0.016138434
3343 24275 -0.005676418
3344 8687 -0.001359018
3347 1222 -0.021176404
3347 1303 -0.034069024
3349 1385 -0.022734716
3350 19655 -0.005090559
3353 2350 -0.038940501
3354 20004 -0.001885434
3354 1048 -0.038513789
3355 33292 -0.001681103
3356 34908 -0.000778899
3356 7828 -0.005799692
3357 6187 -0.004625841
3357 1674 -0.056793558
3357 1643 -0.000587880
3358 1446 -0.036812403
3363 3168 -0.025319155
3364 50937 -0.001937925
3365 859 -0.008913587
3366 2332 -0.002172611
3371 33071 -0.001196808
3371 466 -0.004193845
3372 2410 -0.007122604
3373 846 -0.029984190
3374 38 -0.090099990
3375 53387 -0.001415993
3377 10530 -0.009112302
3379 10228 -0.001804165
3380 29044 -0.005669645
3383 4241 -0.027762995
3383 2254 -0.062918859
3384 741 -0.007581099
3385 3728 -0.065223458
3386 2617 -0.002967921
3386 1994 -0.076327996
3388 315 -0.036455737
3389 124 -0.035350493
3394 17756 -0.017818024
3398 6625 -0.020407050
3402 2847 -0.011511074
3407 6633 -0.007186181
3407 6339 -0.067847369
3407 7278 -0.001436328
3409 15486 -0.005691507
3412 448 -0.007628292
3413 661 -0.003248662
3422 18330 -0.002924083
3423 11782 -0.000580520
3424 17756 -0.003426726
3424 12090 -0.008053702
3424 9306 -0.014059414
3426 30082 -0.001164242
3427 1757 -0.005331630
3433 1170 -0.034501043
3439 2635 -0.014732465
3442 10433 -0.001269861
3445 6888 -0.003897879
3445 6624 -0.003193179
3446 3254 -0.058531510
3449 4846 -0.054227800
3452 16018 -0.035417289
3456 1688 -0.000045595
3458 1304 -0.071387429
3462 7668 -0.014656583
3464 5505 -0.015389362
3466 1816 -0.009440174
3467 3 -0.018450883
3468 8912 -0.001537902
3469 1042 -0.005154070
3474 26033 -0.001856693
3475 4848 -0.014868007
3476 1956 -0.027435289
3481 552 -0.011858292
3482 1321 -0.009942798
3483 531 -0.002036615
3492 4861 -0.048238841
3492 1383 -0.017329302
3493 903 -0.018109289
3493 900 -0.002891230
3494 597 -0.009358820
3494 333 -0.026398171
3495 5869 -0.021700023
3502 1979 -0.117577489
3504 13019 -0.002760989
3504 1275 -0.024768155
3507 823 -0.008537184
3508 8477 -0.009082932
3508 1064 -0.044919591
3510 1240 -0.002401474
3510 727 -0.016725323
3512 12498 -0.001501243
3515 3918 -0.027448327
3519 10418 -0.016237897
3519 2281 -0.003539981
3524 31367 -0.001051615
3524 2330 -0.016248978
3527 1925 -0.001710282
3528 903 -0.011183083
3528 290 -0.008736940
3531 2488 -0.015753116
3535 659 -0.040781659
3537 4250 -0.024310613
3538 10375 -0.017030785
3545 907 -0.071634767
3545 1737 -0.003412716
3546 828 -0.001641863
3550 4807 -0.004161848
3551 291 -0.003838498
3555 15853 -0.007919122
3555 72 -0.110164771
3556 19087 -0.000708321
3558 981 -0.021262421
3559 14258 -0.007754518
3560 5136 -0.001495511
3560 484 -0.131454043
3568 1744 -0.023687786
3572 19524 -0.012560252
3583 4624 -0.011876013
3588 6149 -0.021886333
3589 4100 -0.047330840
3590 637 -0.036632146
3602 1268 -0.001535114
3603 37694 -0.000251917
3617 828 -0.018763233
3618 4043 -0.006474099
3620 37 -0.023328347
3622 30 -0.018699835
3626 13146 -0.007153510
3626 30 -0.015152048
3630 7286 -0.012986682
3637 817 -0.013295217
3639 38453 -0.003839007
3639 2451 -0.021667278
3641 4454 -0.024181220
3643 1096 -0.017216395
3644 19299 -0.000455539
3651 3091 -0.062190279
3652 939 -0.009227298
3653 4435 -0.024730103
3654 707 -0.004509410
3656 190 -0.008382001
3657 3097 -0.011165824
3660 14942 -0.001048344
3660 1620 -0.169879163
3665 10515 -0.017143698
3665 3003 -0.008228991
3668 42459 -0.000188142
3668 1047 -0.005502649
3668 2047 -0.006833423
3671 26834 -0.007210968
3680 19683 -0.008085030
3681 4965 -0.034654178
3683 22509 -0.029817035
3683 4134 -0.020605937
3687 3042 -0.013449732
3689 5657 -0.032372076
3696 1753 -0.044813460
3698 24559 -0.012557657
3699 52119 -0.000226811
3701 3103 -0.017329020
3702 2584 -0.054747949
3704 2294 -0.033712850
3705 10129 -0.012595917
3707 1734 -0.023496993
3710 49515 -0.001092413
3711 973 -0.007707344
3712 348 -0.036694508
3714 4480 -0.030439674
3715 9575 -0.001109864
3717 1848 -0.068095467
3719 12342 -0.009354932
3720 1732 -0.053889336
3720 1816 -0.061055577
3720 1143 -0.001779762
3724 6242 -0.001322257
3725 37545 -0.001137466
3728 1753 -0.015032907
3729 6152 -0.015306369
3729 1207 -0.078316266
3730 2237 -0.005596945
3730 1366 -0.041793041
3731 7843 -0.007599167
3731 6949 -0.002842799
3734 53747 -0.000372764
3744 9601 -0.026514055
3746 1993 -0.010660495
3748 1582 -0.062378155
3749 4691 -0.024200669
3750 3170 -0.000660927
3751 211 -0.002349447
3752 657 -0.070539774
3757 8126 -0.005982787
3757 1287 -0.001450048
3759 51348 -0.000777243
3760 1083 -0.086417661
3764 3806 -0.002944859
3765 51809 -0.000617836
3769 2158 -0.005325998
3775 2810 -0.027308606
3777 5644 -0.005528678
3778 6863 -0.019154786
3780 10351 -0.025093072
3780 1559 -0.029778903
3782 8601 -0.009531612
3787 4873 -0.025898891
3789 5269 -0.030499002
3790 707 -0.016132859
3793 561 -0.029038679
3793 38 -0.015928653
3793 1711 -0.013712036
3797 573 -0.010281032
3799 424 -0.032343181
3803 4240 -0.013994183
3803 702 -0.023958300
3805 3443 -0.003040201
3806 11724 -0.010427952
3808 9465 -0.010180384
3808 8321 -0.001168262
3808 559 -0.118360558
3811 6639 -0.043073580
3811 1551 -0.011358053
3814 2113 -0.011468615
3819 46 -0.001790315
3820 737 -0.005638602
3821 275 -0.021041794
3823 461 -0.024268257
3823 4762 -0.012957137
3824 13689 -0.030983647
3824 1312 -0.024248336
3825 3020 -0.013435581
3827 1096 -0.001694900
3828 9913 -0.053311398
3828 910 -0.087446634
3830 4240 -0.005212803
3834 5 -0.022369288
3835 6855 -0.026840773
3835 3449 -0.012609082
3836 859 -0.054394837
3840 5714 -0.005033086
3841 1738 -0.060753250
3843 1325 -0.087352958
3846 5714 -0.044317692
3846 630 -0.050531249
3847 3277 -0.005448337
3850 930 -0.063880427
3853 13098 -0.017343520
3857 683 -0.004278959
3861 53949 -0.000322332
3861 112 -0.061443081
3864 299 -0.021233136
3864 669 -0.092611444
3866 865 -0.004549601
3868 300 -0.000347898
3873 4226 -0.014739441
3873 6240 -0.018207785
3875 3418 -0.009758812
3875 4180 -0.029761736
3876 10476 -0.017847340
3882 3226 -0.001777802
3883 143 -0.005979406
3885 309 -0.032678085
3885 10676 -0.014571158
3886 1141 -0.023753687
3887 918 -0.010738956
3891 38027 -0.005196853
3891 9003 -0.020217610
3897 780 -0.008274295
3901 3543 -0.006996985
3901 39 -0.025984567
3902 6800 -0.026043709
3902 1109 -0.040955523
3902 25 -0.006644121
3906 5707 -0.005510097
3907 3668 -0.015394460
3909 4437 -0.010809407
3912 492 -0.085007392
3913 1222 -0.007795376
3914 22500 -0.004736424
3915 9201 -0.014225442
3915 919 -0.077006404
3915 1455 -0.079984036
3917 1913 -0.002115046
3924 1288 -0.027919958
3930 50502 -0.001188023
3931 234 -0.004008644
3935 13874 -0.010772779
3935 3348 -0.016414604
3935 2443 -0.004050640
3936 2425 -0.031285559
3940 3784 -0.019996822
3942 2431 -0.023352653
3944 4784 -0.017468495
3944 1956 -0.034482692
3945 47011 -0.002550994
3945 10053 -0.038571113
3947 3759 -0.005899221
3950 20538 -0.003379589
3956 1330 -0.058138515
3959 6335 -0.022445087
3960 39183 -0.002518666
3961 3677 -0.030794451
3969 6457 -0.008279885
3976 27606 -0.005612031
3977 6981 -0.015176288
3978 21038 -0.007623323
3978 803 -0.008862632
3980 476 -0.006204385
3986 4017 -0.024601773
3986 3348 -0.035653924
3987 1397 -0.142309350
3994 206 -0.011749613
3996 14986 -0.009506101
3997 686 -0.042013525
4000 8912 -0.024439269
4000 1691 -0.003165006
4002 946 -0.056928849
4004 12160 -0.001116414
4006 1744 -0.006464977
4008 157 -0.095179517
4009 2563 -0.007790562
4012 4129 -0.079156070
4016 987 -0.035988629
4017 445 -0.000554749
4022 6684 -0.021274941
4022 408 -0.065815717
4025 29706 -0.007843859
4026 3718 -0.047235471
4026 2258 -0.011333853
4027 9064 -0.013087388
4027 1676 -0.006288822
4031 3971 -0.043089082
4032 12396 -0.031639017
4033 5648 -0.014036132
4033 1126 -0.037635279
4035 5246 -0.021481846
4036 1427 -0.078331885
4037 14759 -0.010324099
4040 1794 -0.003263884
4043 715 -0.015226634
4047 93 -0.000991358
4049 1043 -0.045046645
4050 4911 -0.028958317
4050 4862 -0.003997332
4050 2346 -0.002409914
4055 2003 -0.037859998
4058 10062 -0.002310080
4058 324 -0.014597627
4060 3868 -0.002167752
4062 1831 -0.004909426
4066 1865 -0.027959293
4070 2660 -0.003234474
4071 15980 -0.007845076
4073 44113 -0.001671414
4076 1469 -0.002079022
4077 36073 -0.000096652
4078 1118 -0.018587831
4083 1877 -0.014755055
4084 1442 -0.019726312
4090 205 -0.017241782
4094 37782 -0.003641092
4096 1178 -0.083585581
4097 1275 -0.006915037
4098 2820 -0.035420083
4099 1747 -0.036657584
4099 343 -0.014432560
4100 14483 -0.042201169
4100 2340 -0.025347011
4103 3582 -0.013079331
4103 358 -0.035904311
4107 9783 -0.025999786
4107 3476 -0.001358350
4110 1168 -0.034637766
4112 38268 -0.001006024
4112 1626 -0.025936668
4117 42406 -0.001139099
4120 11048 -0.003397689
4123 560 -0.005376574
4124 1801 -0.007701537
4127 1429 -0.021393420
4132 1507 -0.001024783
4133 137 -0.010196265
4135 457 -0.031077259
4138 7376 -0.021345967
4138 436 -0.041922196
4141 2311 -0.004465277
4143 9414 -0.017572777
4143 19 -0.071617586
4145 8759 -0.010798784
4147 1306 -0.009945886
4148 24507 -0.000264977
4148 251 -0.008182821
4154 1306 -0.019826406
4154 1003 -0.021730417
4155 4594 -0.005979934
4157 9543 -0.009176036
4158 11749 -0.001080476
4158 428 -0.015322211
4159 12775 -0.007240869
4163 5285 -0.016407417
4164 4633 -0.019139899
4168 4910 -0.033994978
4168 523 -0.086567434
4168 1476 -0.000082464
4170 1286 -0.001876332
4172 1895 -0.019321919
4176 1887 -0.001280442
4177 23232 -0.000013524
4177 1823 -0.012193157
4178 7478 -0.016491661
4179 292 -0.016091534
4180 1303 -0.000469027
4181 5018 -0.004952967
4184 13280 -0.014124994
4190 4905 -0.051127124
4190 750 -0.029504054
4193 9173 -0.003406448
4193 1306 -0.009419725
4204 9388 -0.000203468
4209 153 -0.015444252
4209 59 -0.026535799
4210 1761 -0.000360042
4214 2613 -0.004918565
4214 1331 -0.022682623
4216 2151 -0.045952263
4216 1913 -0.033213788
4219 1756 -0.073189780
4221 134 -0.005874435
4223 3350 -0.005146637
4223 1190 -0.019393170
4224 4089 -0.056363955
4226 18 -0.019199633
4229 4706 -0.036320788
4231 1680 -0.001333419
4235 4616 -0.005324917
4235 4509 -0.013474592
4238 2181 -0.036731504
4243 4159 -0.028991004
4243 2481 -0.031357760
4244 996 -0.069162830
4245 54066 -0.000761383
4245 5555 -0.055309041
4245 1222 -0.014703760
4249 2688 -0.006652546
4249 1655 -0.068242779
4250 30 -0.123234424
4252 20434 -0.000908425
4252 3439 -0.002605876
4253 357 -0.021308927
4254 6602 -0.038753710
4254 792 -0.019325009
4264 1488 -0.018365886
4265 2898 -0.023311325
4269 2256 -0.033648261
4270 646 -0.035835355
4273 3027 -0.065695668
4277 1498 -0.118428309
4278 1044 -0.103492285
4284 2652 -0.136336952
4287 50719 -0.000163263
4288 2175 -0.058804139
4289 610 -0.025134148
4289 1541 -0.002742318
4289 1337 -0.049600522
4293 12647 -0.051115860
4294 15143 -0.003504448
4296 2548 -0.010699811
4296 3557 -0.001109688
4302 1542 -0.000246796
4305 176 -0.016146170
4309 28 -0.026991784
4311 190 -0.039889706
4312 2232 -0.113418147
4313 2985 -0.010375707
4313 1471 -0.003124578
4318 1783 -0.006063324
4319 8722 -0.008212592
4319 1430 -0.004532344
4321 2807 -0.004232672
4323 6340 -0.052234062
4324 3946 -0.012181205
4325 1650 -0.000348606
4326 3950 -0.031664524
4328 8832 -0.002562873
4330 48841 -0.000529093
4334 6010 -0.011965573
4335 1888 -0.007302241
4338 2237 -0.019827148
4340 297 -0.024481768
4343 9220 -0.023215909
4350 750 -0.110557815
4352 1775 -0.023590567
4358 5276 -0.051219103
4358 2725 -0.015671025
4361 305 -0.041411906
4363 967 -0.091068577
4368 1487 -0.009702415
4369 561 -0.025991079
4369 1731 -0.148769375
4376 8059 -0.001542560
4379 324 -0.005621032
4380 3363 -0.004609774
4381 165 -0.034644377
4382 8499 -0.020961403
4385 12217 -0.006929615
4387 342 -0.021594185
4388 1802 -0.019245944
4389 16748 -0.000110871
4392 3072 -0.001810992
4392 0 -0.031714528
4392 731 -0.000858706
4393 15471 -0.024260624
4394 3059 -0.027572674
4395 48881 -0.000044443
4397 1437 -0.025309719
4399 6523 -0.012763327
4400 8012 -0.018730085
4401 1182 -0.028641844
4403 1851 -0.017565666
4404 9957 -0.001088143
4408 672 -0.018411712
4413 3210 -0.030327069
4414 1689 -0.001792546
4415 858 -0.028686296
4416 29975 -0.003205921
4418 1902 -0.011877792
4421 1218 -0.046556236
4426 5522 -0.028627352
4426 1394 -0.058164243
4428 1630 -0.021221312
4429 9189 -0.024415861
4429 2147 -0.008269333
4431 636 -0.003817335
4432 3350 -0.025928445
4432 834 -0.017898107
4434 12169 -0.005854164
4434 14667 -0.027694783
4437 5105 -0.001146481
4439 4507 -0.030978022
4439 3812 -0.007067001
4447 3306 -0.013404925
4447 3997 -0.006524387
4454 10126 -0.000255070
4456 4641 -0.032992381
4458 946 -0.037528915
4459 174 -0.065726340
4461 4469 -0.011222318
4462 53901 -0.000080618
4463 207 -0.015329351
4465 3597 -0.003972581
4469 1303 -0.024352106
4470 3982 -0.041118116
4471 98 -0.001032326
4475 10739 -0.021465664
4477 1299 -0.030011637
4481 2688 -0.007130068
4483 30467 -0.003411325
4483 1676 -0.009927462
4484 8701 -0.001903987
4488 5866 -0.000961243
4492 18 -0.037564488
4495 14207 -0.002833463
4496 440 -0.045225962
4498 496 -0.021972466
4499 1722 -0.076429228
4501 50657 -0.000381828
4503 6994 -0.016680402
4505 1792 -0.006680331
4506 1688 -0.043541939
4507 5998 -0.002549088
4512 1685 -0.039774660
4514 1222 -0.036336367
4515 12604 -0.006019139
4515 1142 -0.019938507
4516 25073 -0.007746367
4520 6539 -0.000258423
4522 6352 -0.019478684
4523 598 -0.017128151
4526 52975 -0.001253693
4530 810 -0.006796521
4532 12331 -0.006650341
4535 12193 -0.003246016
4536 7346 -0.013110772
4537 48188 -0.003660988
4537 4215 -0.019247324
4538 1652 -0.022614445
4545 746 -0.013337156
4548 6182 -0.003893200
4551 8879 -0.001674951
4551 1233 -0.021821365
4552 20915 -0.010439410
4552 7416 -0.005806157
4555 5649 -0.001883059
4559 16989 -0.000354131
4560 1830 -0.014712819
4562 1602 -0.055962032
4564 4491 -0.034168448
4564 1354 -0.019396847
4565 1688 -0.122609740
4566 14425 -0.020144865
4567 9739 -0.006060436
4570 2076 -0.022796552
4570 1106 -0.006636372
4577 4760 -0.001731642
4580 492 -0.022613489
4581 3477 -0.010684910
4582 755 -0.011028854
4583 3362 -0.012288895
4583 2139 -0.041930830
4592 3784 -0.007046603
4593 886 -0.047380023
4593 1481 -0.032573346
4594 137 -0.007468219
