Burn-in phase called as ending in generation 743
Individual, Wi
1,0.600427
2,0.661541
3,0.566896
4,0.617016
5,0.514401
6,0.565325
7,0.680782
8,0.622282
9,0.631123
10,0.659573
11,0.638156
12,0.489185
13,0.585508
14,0.597205
15,0.606921
16,0.629492
17,0.616587
18,0.657633
19,0.620752
20,0.515868
21,0.674022
22,0.642953
23,0.616985
24,0.554213
25,0.567003
26,0.638068
27,0.695011
28,0.684869
29,0.482392
30,0.602236
31,0.616586
32,0.707936
33,0.596658
34,0.622112
35,0.644450
36,0.669808
37,0.507413
38,0.529204
39,0.649205
40,0.584705
41,0.658252
42,0.535403
43,0.572401
44,0.572143
45,0.686453
46,0.678027
47,0.601394
48,0.543302
49,0.608617
50,0.547943
51,0.657481
52,0.561156
53,0.633771
54,0.587975
55,0.571559
56,0.609309
57,0.491708
58,0.652752
59,0.487160
60,0.658504
61,0.628614
62,0.593788
63,0.616358
64,0.613141
65,0.600588
66,0.537932
67,0.597907
68,0.628238
69,0.695186
70,0.538732
71,0.450462
72,0.577157
73,0.616584
74,0.616077
75,0.638753
76,0.641994
77,0.569960
78,0.532149
79,0.560157
80,0.550739
81,0.593249
82,0.626729
83,0.607140
84,0.604066
85,0.493107
86,0.474376
87,0.675780
88,0.596834
89,0.644899
90,0.673830
91,0.538071
92,0.547732
93,0.648621
94,0.637173
95,0.535913
96,0.681572
97,0.587538
98,0.618949
99,0.536213
100,0.560752
101,0.647761
102,0.518625
103,0.689336
104,0.589440
105,0.622745
106,0.542547
107,0.440562
108,0.626266
109,0.638528
110,0.615172
111,0.614629
112,0.777824
113,0.571419
114,0.742928
115,0.596952
116,0.571469
117,0.601820
118,0.679053
119,0.618374
120,0.459852
121,0.454489
122,0.498585
123,0.652377
124,0.522211
125,0.692100
126,0.434529
127,0.605957
128,0.591936
129,0.566614
130,0.665087
131,0.620718
132,0.632280
133,0.646502
134,0.747916
135,0.698705
136,0.635615
137,0.652716
138,0.588592
139,0.555276
140,0.588596
141,0.591868
142,0.628715
143,0.585391
144,0.581179
145,0.655513
146,0.689321
147,0.560358
148,0.659930
149,0.603830
150,0.689843
151,0.607569
152,0.612326
153,0.565688
154,0.628736
155,0.567213
156,0.535963
157,0.659643
158,0.578186
159,0.517398
160,0.475373
161,0.512995
162,0.656311
163,0.616567
164,0.646200
165,0.619577
166,0.684755
167,0.569518
168,0.664414
169,0.485667
170,0.555996
171,0.602229
172,0.559126
173,0.564142
174,0.688426
175,0.493089
176,0.494629
177,0.533756
178,0.447849
179,0.644589
180,0.515643
181,0.589462
182,0.612808
183,0.577227
184,0.664092
185,0.697091
186,0.605169
187,0.648566
188,0.535837
189,0.663604
190,0.429081
191,0.645424
192,0.435843
193,0.603180
194,0.619604
195,0.612930
196,0.528672
197,0.602108
198,0.628192
199,0.606818
200,0.530308
201,0.483338
202,0.566454
203,0.528359
204,0.653170
205,0.550330
206,0.599772
207,0.587671
208,0.686573
209,0.609436
210,0.613951
211,0.664391
212,0.552076
213,0.685976
214,0.639121
215,0.681123
216,0.599863
217,0.701499
218,0.516535
219,0.469981
220,0.582190
221,0.598453
222,0.539950
223,0.726582
224,0.582341
225,0.690539
226,0.615645
227,0.592757
228,0.594224
229,0.643876
230,0.619699
231,0.610238
232,0.608957
233,0.594947
234,0.623375
235,0.718827
236,0.684251
237,0.558822
238,0.552287
239,0.651983
240,0.654348
241,0.710983
242,0.711897
243,0.620440
244,0.650585
245,0.517596
246,0.694344
247,0.630580
248,0.567965
249,0.634003
250,0.694354
251,0.594144
252,0.567481
253,0.592276
254,0.531151
255,0.656255
256,0.500230
257,0.586900
258,0.683759
259,0.648735
260,0.652492
261,0.728500
262,0.640316
263,0.597425
264,0.584551
265,0.381658
266,0.605521
267,0.593855
268,0.573058
269,0.643649
270,0.551670
271,0.531404
272,0.697342
273,0.694596
274,0.626258
275,0.663265
276,0.678020
277,0.612641
278,0.660645
279,0.460764
280,0.628977
281,0.690146
282,0.688764
283,0.603555
284,0.593462
285,0.623433
286,0.608389
287,0.530236
288,0.634231
289,0.541047
290,0.651476
291,0.644793
292,0.637806
293,0.596579
294,0.536463
295,0.600390
296,0.717127
297,0.581315
298,0.644092
299,0.611970
300,0.656603
301,0.614825
302,0.415161
303,0.564075
304,0.543050
305,0.619485
306,0.519368
307,0.521914
308,0.574273
309,0.595338
310,0.601901
311,0.568978
312,0.725301
313,0.681542
314,0.465990
315,0.565362
316,0.527485
317,0.634710
318,0.663092
319,0.544291
320,0.645556
321,0.604864
322,0.669484
323,0.680158
324,0.542587
325,0.714049
326,0.577774
327,0.535934
328,0.710844
329,0.669073
330,0.674300
331,0.522481
332,0.637538
333,0.557469
334,0.673664
335,0.514119
336,0.632052
337,0.657346
338,0.620648
339,0.602508
340,0.599876
341,0.582790
342,0.471160
343,0.625529
344,0.565807
345,0.615730
346,0.629566
347,0.482162
348,0.700230
349,0.666211
350,0.449540
351,0.756585
352,0.583341
353,0.565209
354,0.656094
355,0.438699
356,0.649188
357,0.566646
358,0.605468
359,0.562859
360,0.584624
361,0.608032
362,0.691914
363,0.596250
364,0.647057
365,0.522400
366,0.517615
367,0.694597
368,0.696336
369,0.572212
370,0.545112
371,0.624337
372,0.638433
373,0.707564
374,0.618317
375,0.546687
376,0.540203
377,0.514735
378,0.624397
379,0.631175
380,0.659342
381,0.537739
382,0.716994
383,0.551715
384,0.649423
385,0.657691
386,0.649641
387,0.578904
388,0.586936
389,0.508376
390,0.579771
391,0.737496
392,0.698205
393,0.475767
394,0.554459
395,0.632245
396,0.650903
397,0.577305
398,0.544427
399,0.648898
400,0.628018
401,0.544242
402,0.473040
403,0.756369
404,0.561247
405,0.513639
406,0.662706
407,0.549008
408,0.615443
409,0.628612
410,0.590568
411,0.589255
412,0.639477
413,0.612803
414,0.600371
415,0.597063
416,0.500171
417,0.649632
418,0.515335
419,0.530308
420,0.612234
421,0.398008
422,0.555974
423,0.542884
424,0.547687
425,0.542398
426,0.629965
427,0.596084
428,0.544766
429,0.561339
430,0.619295
431,0.682393
432,0.505626
433,0.563199
434,0.541547
435,0.586483
436,0.498634
437,0.606688
438,0.647148
439,0.371104
440,0.547607
441,0.680342
442,0.606251
443,0.491481
444,0.623818
445,0.613297
446,0.661864
447,0.646154
448,0.630838
449,0.675590
450,0.637264
451,0.701973
452,0.634096
453,0.573361
454,0.679352
455,0.570694
456,0.627135
457,0.487594
458,0.632518
459,0.477725
460,0.653874
461,0.480286
462,0.670658
463,0.584817
464,0.644873
465,0.466022
466,0.659469
467,0.512323
468,0.670168
469,0.637071
470,0.597978
471,0.431116
472,0.601394
473,0.711342
474,0.619228
475,0.551780
476,0.647221
477,0.591150
478,0.474694
479,0.596716
480,0.556734
481,0.711725
482,0.581746
483,0.620337
484,0.618962
485,0.534142
486,0.610756
487,0.629459
488,0.725727
489,0.588322
490,0.387797
491,0.700731
492,0.506859
493,0.616574
494,0.534157
495,0.646864
496,0.615694
497,0.593549
498,0.582023
499,0.522823
500,0.585780
501,0.648325
502,0.506386
503,0.664501
504,0.454236
505,0.613515
506,0.656338
507,0.576824
508,0.513592
509,0.581081
510,0.646894
511,0.456932
512,0.525540
513,0.665302
514,0.618879
515,0.707882
516,0.767693
517,0.607763
518,0.544581
519,0.627722
520,0.631941
521,0.702360
522,0.669685
523,0.570424
524,0.572213
525,0.579721
526,0.636366
527,0.633249
528,0.424986
529,0.573546
530,0.590865
531,0.526582
532,0.570352
533,0.551343
534,0.689681
535,0.643398
536,0.583436
537,0.658389
538,0.591654
539,0.586137
540,0.490378
541,0.664474
542,0.622103
543,0.572213
544,0.735628
545,0.577343
546,0.532836
547,0.541281
548,0.526852
549,0.589772
550,0.699235
551,0.456363
552,0.693969
553,0.509498
554,0.544395
555,0.642846
556,0.654164
557,0.531889
558,0.508902
559,0.579867
560,0.563460
561,0.580230
562,0.590981
563,0.553701
564,0.526134
565,0.663411
566,0.533236
567,0.519388
568,0.614434
569,0.567043
570,0.622021
571,0.717815
572,0.431259
573,0.632799
574,0.617130
575,0.514138
576,0.571167
577,0.477122
578,0.570890
579,0.561262
580,0.774326
581,0.610346
582,0.575778
583,0.583312
584,0.572052
585,0.619193
586,0.642244
587,0.495749
588,0.563007
589,0.614836
590,0.464530
591,0.565389
592,0.578468
593,0.729648
594,0.542538
595,0.528646
596,0.584043
597,0.666854
598,0.638279
599,0.528328
600,0.611444
601,0.624660
602,0.560445
603,0.639891
604,0.769730
605,0.609918
606,0.593479
607,0.597547
608,0.693153
609,0.662007
610,0.514041
611,0.428771
612,0.591626
613,0.598249
614,0.585137
615,0.496424
616,0.774862
617,0.619867
618,0.608939
619,0.572622
620,0.556944
621,0.539828
622,0.653146
623,0.635834
624,0.644443
625,0.566911
626,0.772337
627,0.537972
628,0.524552
629,0.542774
630,0.614676
631,0.625624
632,0.585558
633,0.691625
634,0.699695
635,0.563944
636,0.538486
637,0.563545
638,0.589213
639,0.677119
640,0.587703
641,0.615280
642,0.437942
643,0.665236
644,0.617462
645,0.728186
646,0.537085
647,0.647070
648,0.610267
649,0.583370
650,0.505308
651,0.587486
652,0.620288
653,0.693113
654,0.588799
655,0.745259
656,0.538308
657,0.563874
658,0.601157
659,0.678551
660,0.548579
661,0.658121
662,0.512630
663,0.610388
664,0.535232
665,0.672128
666,0.620615
667,0.523536
668,0.609998
669,0.573042
670,0.597259
671,0.676823
672,0.699028
673,0.502706
674,0.627413
675,0.615640
676,0.656902
677,0.656618
678,0.678108
679,0.704382
680,0.688281
681,0.560529
682,0.643911
683,0.612965
684,0.701709
685,0.662934
686,0.631688
687,0.487332
688,0.612656
689,0.804090
690,0.664561
691,0.659042
692,0.718572
693,0.462829
694,0.574165
695,0.700137
696,0.641313
697,0.573743
698,0.604261
699,0.552062
700,0.591159
701,0.455965
702,0.506925
703,0.577708
704,0.556369
705,0.608355
706,0.651570
707,0.494929
708,0.418595
709,0.515629
710,0.580187
711,0.620319
712,0.598953
713,0.572963
714,0.642732
715,0.532084
716,0.456222
717,0.580388
718,0.541614
719,0.550870
720,0.555844
721,0.561856
722,0.663889
723,0.520491
724,0.704180
725,0.418625
726,0.641969
727,0.591215
728,0.557166
729,0.670217
730,0.619329
731,0.588641
732,0.637909
733,0.616610
734,0.544694
735,0.521935
736,0.693684
737,0.514567
738,0.655763
739,0.653821
740,0.623567
741,0.624101
742,0.627059
743,0.539439
744,0.594692
745,0.554339
746,0.571614
747,0.527205
748,0.550410
749,0.538223
750,0.646249
751,0.576169
752,0.565923
753,0.577504
754,0.613581
755,0.635595
756,0.641005
757,0.505175
758,0.727229
759,0.612218
760,0.564214
761,0.659026
762,0.558268
763,0.447416
764,0.594747
765,0.589516
766,0.543437
767,0.535246
768,0.575793
769,0.613881
770,0.560531
771,0.514389
772,0.673395
773,0.695905
774,0.686248
775,0.698204
776,0.605870
777,0.620399
778,0.472577
779,0.558340
780,0.468906
781,0.595250
782,0.676055
783,0.584672
784,0.619809
785,0.514456
786,0.579108
787,0.644731
788,0.584160
789,0.542884
790,0.565291
791,0.625880
792,0.571045
793,0.608922
794,0.737386
795,0.732847
796,0.594020
797,0.620534
798,0.586672
799,0.485656
800,0.502108
801,0.647410
802,0.624026
803,0.595867
804,0.569571
805,0.502659
806,0.568443
807,0.662100
808,0.582559
809,0.533675
810,0.457755
811,0.584789
812,0.673826
813,0.489326
814,0.426376
815,0.560004
816,0.639612
817,0.544114
818,0.606032
819,0.726176
820,0.633274
821,0.669288
822,0.558808
823,0.530930
824,0.735073
825,0.583432
826,0.551732
827,0.711753
828,0.671190
829,0.631915
830,0.582876
831,0.446635
832,0.654649
833,0.708620
834,0.637163
835,0.607148
836,0.593725
837,0.526552
838,0.558483
839,0.578261
840,0.546976
841,0.520426
842,0.613046
843,0.570594
844,0.658840
845,0.585938
846,0.581489
847,0.598721
848,0.675062
849,0.627080
850,0.659714
851,0.594931
852,0.565178
853,0.505075
854,0.529628
855,0.545888
856,0.662746
857,0.683964
858,0.549733
859,0.646854
860,0.601992
861,0.727917
862,0.624220
863,0.559504
864,0.639395
865,0.609979
866,0.589808
867,0.686881
868,0.663304
869,0.718966
870,0.592938
871,0.632450
872,0.528276
873,0.587090
874,0.726388
875,0.602832
876,0.591407
877,0.654489
878,0.624755
879,0.595052
880,0.603808
881,0.655155
882,0.738489
883,0.614874
884,0.651553
885,0.604276
886,0.598888
887,0.493481
888,0.588573
889,0.622442
890,0.499281
891,0.631235
892,0.532963
893,0.638260
894,0.574670
895,0.427583
896,0.509330
897,0.540958
898,0.659291
899,0.550190
900,0.562760
901,0.590549
902,0.476208
903,0.587944
904,0.669693
905,0.593692
906,0.592294
907,0.512684
908,0.596952
909,0.610963
910,0.543802
911,0.593185
912,0.620235
913,0.683580
914,0.584319
915,0.557174
916,0.643611
917,0.676262
918,0.662644
919,0.529720
920,0.705547
921,0.611558
922,0.645756
923,0.527919
924,0.746693
925,0.526301
926,0.771780
927,0.606014
928,0.581704
929,0.606982
930,0.542458
931,0.407651
932,0.710860
933,0.502351
934,0.604952
935,0.441418
936,0.568707
937,0.550592
938,0.664133
939,0.525165
940,0.614549
941,0.609680
942,0.706314
943,0.541707
944,0.561526
945,0.675976
946,0.612749
947,0.613390
948,0.747469
949,0.581759
950,0.765976
951,0.507483
952,0.588272
953,0.561396
954,0.668482
955,0.599368
956,0.555751
957,0.621745
958,0.698098
959,0.576361
960,0.604926
961,0.652770
962,0.444949
963,0.572332
964,0.597909
965,0.628640
966,0.751583
967,0.710677
968,0.612798
969,0.615537
970,0.583573
971,0.590841
972,0.617467
973,0.627120
974,0.653605
975,0.605675
976,0.489117
977,0.663565
978,0.489746
979,0.603867
980,0.661490
981,0.656315
982,0.570388
983,0.619124
984,0.442494
985,0.576240
986,0.532302
987,0.616758
988,0.587514
989,0.515226
990,0.632379
991,0.590773
992,0.561199
993,0.481821
994,0.676503
995,0.694654
996,0.549158
997,0.509003
998,0.673573
999,0.566833
1000,0.463137
Slope of log(fitness) after the burn-in phase: -0.000016
