mutation
-0.000276648
-0.001835316
-0.005345932
-0.000062308
-0.002822318
-0.000061042
-0.001056597
-0.001000666
-0.000543968
-0.000365526
-0.001937226
-0.001457996
-0.002893574
-0.000933365
-0.000361364
-0.000576943
-0.000229621
-0.003420457
-0.000598609
-0.007478547
-0.002634662
-0.001690263
-0.003107390
-0.000062004
-0.001547239
-0.008332617
-0.005296828
-0.004247647
-0.001188551
-0.001161173
-0.000088852
-0.001905497
-0.002181012
-0.001031166
-0.004433345
-0.002860345
-0.005222986
-0.000495771
-0.001775942
-0.003503832
-0.002620221
-0.001830041
-0.007189340
-0.003755229
-0.001091720
-0.000627408
-0.010942737
-0.014992735
-0.000286401
-0.000711743
-0.000465164
-0.002157724
-0.003436203
-0.002567655
-0.000015896
-0.003274412
-0.000074585
-0.005948157
-0.001192657
-0.002080414
-0.001420264
-0.005289881
-0.002914537
-0.008440227
-0.001101108
-0.002520223
-0.004031747
-0.003241723
-0.002096955
-0.001301777
-0.001826165
-0.008160037
-0.001525963
-0.003036421
-0.008121005
-0.006612335
-0.001125639
-0.011035337
-0.002160238
-0.001592190
-0.007304679
-0.004626784
-0.002213368
-0.004368522
-0.000257399
-0.004349168
-0.000382584
-0.000706280
-0.004091564
-0.000270811
-0.000281690
-0.001084140
-0.001718597
-0.001993599
-0.006151208
-0.001913687
-0.000711795
-0.004510200
-0.000331266
-0.002918302
-0.001798339
-0.001094463
-0.000883382
-0.000943430
-0.001603962
-0.000750956
-0.001120187
-0.001443763
-0.004556817
-0.002563343
-0.004578745
-0.001635814
-0.005595626
-0.000630010
-0.006718312
-0.005905911
-0.000395774
-0.000130453
-0.003918149
-0.001204954
-0.002993357
-0.003202524
-0.002002972
-0.002524955
-0.004121370
-0.001084110
-0.000100786
-0.000121730
-0.009283527
-0.001753919
-0.005636441
-0.000406191
-0.000341433
-0.005500400
-0.004882347
-0.002577816
-0.002395194
-0.003644473
-0.004025459
-0.005195579
-0.001452816
-0.006672774
-0.000025498
-0.007014438
-0.005627918
-0.000548012
-0.000518709
-0.007636606
-0.001122057
-0.000042074
-0.003707244
-0.000000300
-0.003804069
-0.006578327
-0.005464119
-0.002472159
-0.001070963
-0.001179238
-0.000073240
-0.000343225
-0.002580471
-0.004376343
-0.001510951
-0.000191212
-0.007015099
-0.003954032
-0.000231701
-0.001557294
-0.003271235
-0.003958168
-0.003413905
-0.007727985
-0.000043889
-0.002257484
-0.006473886
-0.001886052
-0.000373625
-0.001526504
-0.000263724
-0.007581869
-0.005950892
-0.002775760
-0.001495888
-0.009242807
-0.001001684
-0.004523388
-0.000112531
-0.000562773
-0.001663926
-0.003178663
-0.002440990
-0.002573923
-0.000338097
-0.000130001
-0.004254966
-0.007499739
-0.001182139
-0.000301907
-0.002619974
-0.001552398
-0.002286173
-0.001879320
-0.001250571
-0.005078909
-0.003747040
-0.001469980
-0.006274106
-0.002719992
-0.000562288
-0.000729548
-0.001171547
-0.001435370
-0.002529706
-0.001911425
-0.004471453
-0.008576393
-0.003218309
-0.000092518
-0.000494534
-0.004365437
-0.003573857
-0.001608734
-0.000699273
-0.000615761
-0.006267979
-0.004316617
-0.003000922
-0.004666385
-0.000646431
-0.004071100
-0.001681061
-0.000905708
-0.002959728
-0.000286802
-0.000748625
-0.004572804
-0.003272878
-0.004993089
-0.000020684
-0.000316294
-0.004541383
-0.000814388
-0.000906240
-0.001833110
-0.005778249
-0.003827971
-0.001582477
-0.000603183
-0.001166130
-0.001174976
-0.001127562
-0.000896131
-0.005633494
-0.000393481
-0.002753266
-0.002492890
-0.001313054
-0.000064975
-0.006702877
-0.001825197
-0.000986247
-0.006698285
-0.003717259
-0.003691931
-0.000311753
-0.002695505
-0.001090544
-0.006806455
-0.003775170
-0.000273435
-0.003626944
-0.000057981
-0.002499531
-0.002854395
-0.001333386
-0.000437776
-0.004609137
-0.003188996
-0.000453320
-0.002658735
-0.000116917
-0.002858686
-0.000644546
-0.003535160
-0.000120707
-0.004680030
-0.003740552
-0.000134401
-0.007563588
-0.001332461
-0.005991008
-0.000431463
-0.000536598
-0.002308735
-0.002491649
-0.005087249
-0.002706925
-0.002265468
-0.000695307
-0.008036703
-0.000675847
-0.000905977
-0.000772171
-0.000236275
-0.002555639
-0.001049903
-0.003302635
-0.003793160
-0.000381605
-0.000109204
-0.000277816
-0.001660820
-0.009076764
-0.001331803
-0.002134761
-0.000503959
-0.002152710
-0.004524611
-0.001268247
-0.004688288
-0.002723879
-0.001776547
-0.001245339
-0.012870117
-0.009495103
-0.002273884
-0.002796025
-0.004869858
-0.002798192
-0.003352975
-0.006485760
-0.006348653
-0.001766482
-0.006996289
-0.000333508
-0.001921731
-0.003535232
-0.001714891
-0.001980640
-0.004476201
-0.003555276
-0.005214140
-0.000020773
-0.000601238
-0.000854795
-0.002685608
-0.012002588
-0.000460853
-0.000420360
-0.002245993
-0.002903891
-0.002291317
-0.000310004
-0.004484076
-0.002468937
-0.001955005
-0.000287007
-0.000007170
-0.005930145
-0.001643204
-0.001342169
-0.005160587
-0.004015685
-0.000179595
-0.001520371
-0.000605654
-0.007234254
-0.002216594
-0.003947096
-0.002924636
-0.002014804
-0.001651355
-0.002317175
-0.000683092
-0.000284073
-0.001753134
-0.001330710
-0.002711961
-0.003340025
-0.000330585
-0.001555888
-0.000376578
-0.002256793
-0.000468278
-0.002864712
-0.008049178
-0.004142042
-0.004699277
-0.001470912
-0.003341793
-0.001120454
-0.002610224
-0.000765363
-0.002117001
-0.003126815
-0.000490031
-0.002289529
-0.000927006
-0.000257481
-0.000050096
-0.002012281
-0.003975152
-0.004139490
-0.005579863
-0.001374475
-0.001444727
-0.000661476
-0.006802347
-0.000327825
-0.001430547
-0.000353199
-0.003877343
-0.002423972
-0.003417675
-0.001339271
-0.001990686
-0.001728374
-0.006913361
-0.002335296
-0.000642740
-0.005153365
-0.000268249
-0.001377328
-0.000422581
-0.001857701
-0.000475680
-0.000053694
-0.006180489
-0.000030781
-0.013395975
-0.001917136
-0.002055352
-0.005688045
-0.006841807
-0.003314180
-0.001477589
-0.001584759
-0.002392913
-0.002088716
-0.002172236
-0.001016317
-0.001648189
-0.002731764
-0.000299131
-0.000362205
-0.000135604
-0.004471108
-0.000077197
-0.004094683
-0.002982136
-0.002988369
-0.001971777
-0.000610246
-0.006468340
-0.000388706
-0.005830347
-0.006226926
-0.001266234
-0.004028975
-0.003246642
-0.000748001
-0.002778887
-0.000032855
-0.000573758
-0.002242390
-0.000759140
-0.000695345
-0.000519878
-0.003335475
-0.006670914
-0.003355575
-0.000349066
-0.003309777
-0.000397274
-0.003317192
-0.001430062
-0.000889472
-0.002933788
-0.000424449
-0.002068519
-0.001249678
-0.002162048
-0.000280141
-0.003639329
-0.000298249
-0.006642574
-0.000647737
-0.003122960
-0.000107577
-0.001788035
-0.009385942
-0.002811629
-0.006157169
-0.004017544
-0.002046979
-0.002821374
-0.001459656
-0.001802638
-0.002175676
-0.003774935
-0.000280343
-0.008802667
-0.002932130
-0.000190789
-0.000937173
-0.000904547
-0.003248264
-0.009709917
-0.003892923
-0.006182067
-0.000209440
-0.000385788
-0.000221067
-0.005667693
-0.001993756
-0.004840127
-0.001606352
-0.001135086
-0.001572268
-0.001311929
-0.000090962
-0.001228992
-0.007596264
-0.004408053
-0.001320106
-0.001626075
-0.004396589
-0.000765015
-0.006667480
-0.008980285
-0.000123803
-0.001556699
-0.000119764
-0.003207078
-0.000841291
-0.004225154
-0.002097978
-0.001802508
-0.003021548
-0.006177122
-0.001577742
-0.000241033
-0.000851408
-0.002973868
-0.002691759
-0.000052849
-0.002997949
-0.000224159
-0.000391317
-0.003001640
-0.003894964
-0.005740645
-0.000139033
-0.004613590
-0.005769908
-0.003773019
-0.005646249
-0.002116669
-0.000550737
-0.001745665
-0.000178611
-0.000430262
-0.000422359
-0.002851543
-0.000192721
-0.001049904
-0.000188580
-0.000668409
-0.000665788
-0.001235400
-0.004126458
-0.002312414
-0.002032065
-0.002606718
-0.002179225
-0.000025025
-0.002707170
-0.001480319
-0.000574734
-0.000892229
-0.002605617
-0.004671192
-0.000888315
-0.001254096
-0.000475811
-0.000643203
-0.001413344
-0.001176569
-0.002702160
-0.001436368
-0.000009418
-0.001567492
-0.004126783
-0.003287980
-0.003473964
-0.000587103
-0.003607063
-0.000926992
-0.001348792
-0.001053483
-0.000551716
-0.000024205
-0.000470129
-0.000745164
-0.000761601
-0.001638659
-0.002833164
-0.000156992
-0.002076623
-0.004669337
-0.002418561
-0.002045618
-0.003192005
-0.005369281
-0.000033193
-0.001302404
-0.001372711
-0.000709854
-0.003271587
-0.001459257
-0.003221178
-0.001096224
-0.004037052
-0.001596025
-0.000585814
-0.000604074
-0.003031065
-0.000658905
-0.000526513
-0.000847825
-0.000257542
-0.001451570
-0.002652905
-0.009879365
-0.001218324
-0.003420657
-0.004280978
-0.000843897
-0.003398028
-0.001105564
-0.000214537
-0.002735883
-0.000442785
-0.001885170
-0.001245000
-0.004237787
-0.005448402
-0.005026857
-0.001268412
-0.000348991
-0.010692356
-0.001095468
-0.000950128
-0.001097830
-0.000310506
-0.005910201
-0.002153612
-0.000710172
-0.006363574
-0.002671612
-0.000159945
-0.004878584
-0.003655266
-0.003300690
-0.000959378
-0.001339469
-0.000851173
-0.004296640
-0.000583465
-0.001422634
-0.007009272
-0.001207232
-0.002643466
-0.003371227
-0.001718615
-0.003270688
-0.000472007
-0.001098098
-0.000443476
-0.001677528
-0.004779491
-0.005601791
-0.002092898
-0.000794124
-0.001447859
-0.000987352
-0.001291460
-0.000337036
-0.001061810
-0.000544322
-0.001735013
-0.000963780
-0.004948111
-0.000957176
-0.004464802
-0.001962451
-0.001745123
-0.002144678
-0.000952979
-0.000575889
-0.001751984
-0.000001169
-0.000100290
-0.000539558
-0.000699764
-0.004760522
-0.001037161
-0.001583076
-0.003981114
-0.001946808
-0.000176089
-0.000440401
-0.006431642
-0.001436264
-0.001315482
-0.000552057
-0.005525389
-0.002115574
-0.003554577
-0.002248001
-0.002603336
-0.001168528
-0.001679405
-0.000495627
-0.015641113
-0.000820956
-0.000735159
-0.001824115
-0.003099935
-0.000621192
-0.001299894
-0.003856622
-0.001881392
-0.001621290
-0.000517324
-0.003030457
-0.000139433
-0.002149662
-0.000277628
-0.000211173
-0.001494547
-0.003792966
-0.000769867
-0.004932657
-0.005201837
-0.005057458
-0.001074555
-0.002524510
-0.001591567
-0.000934595
-0.003043100
-0.002734773
-0.003899969
-0.001846745
-0.000837530
-0.002438346
-0.000539418
-0.004134787
-0.004885763
-0.003058417
-0.003571066
-0.002589591
-0.003354841
-0.005168712
-0.006940108
-0.001397669
-0.000142668
-0.000289882
-0.000546958
-0.001378982
-0.000269963
-0.000249320
-0.001865958
-0.000204280
-0.001955441
-0.009910692
-0.001072925
-0.004401079
-0.002316891
-0.008634038
-0.002758266
-0.003731505
-0.016946909
-0.003473578
-0.004001214
-0.004075925
-0.000996680
-0.000452587
-0.001371372
-0.000333554
-0.003940857
-0.009452524
-0.002007052
-0.000868090
-0.001515126
-0.011287282
-0.001810455
-0.003027493
-0.000398472
-0.004120207
-0.002371596
-0.004096494
-0.000817274
-0.004498444
-0.002481113
-0.002215818
-0.000613314
-0.000884269
-0.000590235
-0.000444252
-0.003721344
-0.000194807
-0.000069980
-0.002751626
-0.003564312
-0.003393987
-0.000109756
-0.000615728
-0.000904705
-0.005213369
-0.001162589
-0.001737312
-0.001026485
-0.005991016
-0.003702616
-0.000770158
-0.005446501
-0.002660152
-0.000585518
-0.002236311
-0.001648908
-0.000196106
-0.004667056
-0.002107341
-0.000378685
-0.004395608
-0.001491014
-0.000253264
-0.000771683
-0.000961924
-0.005364630
-0.000803394
-0.000804480
-0.000831917
-0.000332451
-0.002201347
-0.000876921
-0.003917042
-0.000412601
-0.000959159
-0.000066328
-0.000032471
-0.000695749
-0.001579499
-0.000269629
-0.002443755
-0.002344641
-0.000611198
-0.000202014
-0.000102923
-0.002599402
-0.005493574
-0.006711824
-0.004181929
-0.001556823
-0.005685184
-0.005611840
-0.001635661
-0.000166764
-0.001895204
-0.002131624
-0.000784914
-0.000606743
-0.009486028
-0.000175748
-0.007897549
-0.000260874
-0.000920226
-0.000106123
-0.001531156
-0.001002564
-0.004670815
-0.001862371
-0.003516370
-0.009130500
-0.002729962
-0.002952002
-0.000283131
-0.004274392
-0.001554498
-0.004024235
-0.001336010
-0.004481314
-0.001717816
-0.002446032
-0.002407697
-0.002036870
-0.000224152
-0.006173497
-0.002295769
-0.004334148
-0.004515655
-0.003077226
-0.000071472
-0.004130183
-0.000048671
-0.009495493
-0.001783695
-0.003356412
-0.001499499
-0.000335791
-0.001726534
-0.002072982
-0.004095463
-0.001837425
-0.001078733
-0.002110140
-0.002246937
-0.001306962
-0.002363251
-0.000423023
-0.000194632
-0.001984658
-0.001020750
-0.000482457
-0.001307018
-0.003243199
-0.002626338
-0.000190060
-0.005525354
-0.000787032
-0.000789113
-0.000504515
-0.000752388
-0.008466854
-0.003387531
-0.004256147
-0.004507281
-0.002223670
-0.005188612
-0.003852326
-0.000956386
-0.000986306
-0.001390038
-0.001245265
-0.001585277
-0.007659902
-0.001918770
-0.000930888
-0.001143506
-0.000272730
-0.000076417
-0.000716804
-0.003329597
-0.000974388
-0.006152715
-0.000470919
-0.001540064
-0.000468131
-0.001236080
-0.004125369
-0.000652175
-0.004428169
-0.001771912
-0.005493276
-0.000269784
-0.000518899
-0.005699331
-0.001429776
-0.003602421
-0.004999483
-0.001399323
-0.000083545
-0.002336948
-0.002028584
-0.006721193
-0.004016978
-0.001341602
-0.009907607
-0.001563372
-0.000408937
-0.000014017
-0.000093525
-0.001772686
-0.001633116
-0.000747856
-0.001640445
-0.006528769
-0.001170561
-0.000111370
-0.000449095
-0.001582814
-0.007030632
-0.007769276
-0.003720776
-0.000964156
-0.002949062
-0.002592800
-0.000620227
-0.000256515
-0.002674191
-0.001187887
-0.003396011
-0.003501103
-0.003718625
-0.000610219
-0.007837094
-0.005541959
-0.000801211
-0.001748161
-0.001961605
-0.002602229
-0.000711589
-0.000707173
-0.002262181
-0.007798575
-0.001512647
-0.001864451
-0.001904755
-0.003922294
-0.000902943
-0.001339424
-0.000008474
-0.001389123
-0.004201921
-0.001034581
-0.000643063
-0.001037390
-0.000409046
-0.000461784
-0.000584717
-0.004468933
-0.001624687
-0.000574257
-0.001481240
-0.004734983
-0.002590077
-0.000200867
-0.001924931
-0.002393628
-0.000209085
-0.001331775
-0.000472604
-0.005737579
-0.003494511
-0.005933526
-0.000669230
-0.000026975
-0.005670794
-0.006428405
-0.002567960
-0.002907403
-0.001435689
-0.002791999
-0.004793775
-0.001874659
-0.001360548
-0.001704841
-0.005242637
-0.000637045
-0.000873425
-0.000510920
-0.001257823
-0.001368669
-0.001690877
-0.003562657
-0.006637242
-0.002009330
-0.002170102
-0.002649408
-0.003356551
-0.004603169
-0.001214668
-0.002656130
-0.000149011
-0.000530280
-0.000775452
-0.002428616
-0.003591584
-0.009362019
-0.002186633
-0.001059635
-0.002048952
-0.001409781
-0.001719453
-0.004329585
-0.001123544
-0.001692469
-0.001013309
-0.002294769
-0.003092554
-0.000715789
-0.001893646
-0.004120625
-0.000625929
-0.002815543
-0.002370032
-0.004666555
-0.002959559
-0.003199822
-0.003797169
-0.001370568
-0.000771638
-0.000926343
-0.003360935
-0.002062701
-0.001602561
-0.000907979
-0.000615834
-0.003408037
-0.001080118
-0.000945734
-0.001994222
-0.001939700
-0.003418076
-0.004844598
-0.000987598
-0.001804591
-0.003037731
-0.003602019
-0.003434120
-0.002252398
-0.001593455
-0.000570889
-0.002138367
-0.000226792
-0.004592804
-0.002326435
-0.005107533
-0.003836929
-0.001295296
-0.001479092
-0.000868781
-0.001230119
-0.001486663
-0.001332131
-0.002518575
-0.000898243
-0.000100028
-0.004452024
-0.001259500
-0.000521258
-0.004084041
-0.007668192
-0.001890697
-0.004943906
-0.001464617
-0.001563838
-0.003255361
-0.000675633
-0.001875596
-0.001952855
-0.000895149
-0.001444254
-0.000417247
-0.006955838
-0.000080132
-0.001044368
-0.002819329
-0.002176860
-0.001826799
-0.001538822
-0.001757561
-0.003371557
-0.000663631
-0.002309325
-0.005847087
-0.000083450
-0.000446541
-0.001671826
-0.000300371
-0.001231397
-0.004020041
-0.006227321
-0.003397232
-0.001858992
-0.000097778
-0.002125873
-0.001250399
-0.001597654
-0.004912667
-0.004110142
-0.001540937
-0.005566304
-0.000250466
-0.001754760
-0.002085270
-0.003952667
-0.001384933
-0.002865072
-0.001418031
-0.003013061
-0.001675079
-0.001149458
-0.004273855
-0.000868120
-0.006423225
-0.002151249
-0.005118893
-0.002104961
-0.000817449
-0.003329968
-0.003595844
-0.001706037
-0.000656020
-0.001797039
-0.000550246
-0.003498152
-0.006219081
-0.002008380
-0.006621002
-0.003618348
-0.000956316
-0.000123134
-0.002064826
-0.003720059
-0.001179816
-0.004294607
-0.000645169
-0.000974379
-0.004811191
-0.001762124
-0.011851809
-0.004397062
-0.005718791
-0.000164870
-0.006086399
-0.003817207
-0.003947668
-0.000569800
-0.004856836
-0.004871645
-0.003064745
-0.002920024
-0.001137824
-0.000563276
-0.008619623
-0.005810127
-0.001903356
-0.003486740
-0.000353777
-0.000348852
-0.001661298
-0.001767214
-0.001941445
-0.005363321
-0.000604884
-0.000291620
-0.004843442
-0.002651557
-0.002916521
-0.003276998
-0.001675350
-0.002063397
-0.002904733
-0.001906297
-0.005444515
-0.002151943
-0.000628844
-0.003594892
-0.002124229
-0.003656173
-0.000064507
-0.001125994
-0.000970920
-0.010594543
-0.003150637
-0.000743486
-0.000452684
-0.000556431
-0.002839491
-0.003758558
-0.000166813
-0.000551776
-0.000329637
-0.005594494
-0.003387963
-0.004069598
-0.003980600
-0.001515866
-0.000667786
-0.001735543
-0.000679661
-0.000961023
-0.001718343
-0.000668544
-0.003378368
-0.000296052
-0.000874719
-0.002032987
-0.002461317
-0.004017851
-0.002672000
-0.000357038
-0.005920231
-0.001412736
-0.000847943
-0.003145729
-0.005866891
-0.001882430
-0.012865989
-0.002366784
-0.003032801
-0.001454521
-0.003710391
-0.005089139
-0.000912605
-0.000716334
-0.002517092
-0.000092624
-0.002452238
-0.000814437
-0.006798563
-0.001555843
-0.002603541
-0.005610278
-0.000882377
-0.006774510
-0.000859095
-0.000505692
-0.000834363
-0.000048883
-0.000015923
-0.006295823
-0.001114457
-0.004083108
-0.001208208
-0.005133351
-0.004348129
-0.000062461
-0.004440956
-0.003061824
-0.003263765
-0.003383776
-0.004942912
-0.000218511
-0.003376542
-0.001023949
-0.005824487
-0.001357664
-0.003430661
-0.000333870
-0.005440789
-0.000711602
-0.003879674
-0.004182968
-0.003289759
-0.001129720
-0.000217374
-0.000764739
-0.000323217
-0.006230395
-0.001595449
-0.003521883
-0.001225745
-0.003961620
-0.001458169
-0.001446245
-0.001458415
-0.004249799
-0.000758816
-0.000974954
-0.001094583
-0.001504910
-0.004171954
-0.002544467
-0.000258316
-0.002745873
-0.002162551
-0.001180850
-0.004894187
-0.003034298
-0.004543734
-0.000068449
-0.000134777
-0.000424617
-0.007189667
-0.002198739
-0.006098970
-0.000988757
-0.004350276
-0.000964051
-0.000994791
-0.003128644
-0.000390341
-0.004107638
-0.002883127
-0.001274389
-0.001411099
-0.001080075
-0.001326113
-0.000549967
-0.002337468
-0.000275481
-0.002069508
-0.001042754
-0.008940976
-0.009104666
-0.002339967
-0.007774134
-0.001510817
-0.003137886
-0.002258697
-0.002007388
-0.000973528
-0.000196902
-0.004197768
-0.001859605
-0.002237920
-0.001534539
-0.001850878
-0.000740895
-0.003687949
-0.001612160
-0.006742434
-0.003429878
-0.005367116
-0.004047978
-0.003558368
-0.001494948
-0.000487262
-0.003245508
-0.000235510
-0.000967374
-0.000506095
-0.002817382
-0.004208316
-0.002169672
-0.001318365
-0.000421022
-0.000261491
-0.004557047
-0.002131435
-0.001340510
-0.000751694
-0.003517132
-0.002247280
-0.003713316
-0.001575508
-0.001496885
-0.004016655
-0.001867840
-0.001435934
-0.005604998
-0.001135656
-0.005399733
-0.000938210
-0.000315009
-0.001478702
-0.000097623
-0.004208633
-0.000938202
-0.001540295
-0.000239113
-0.000406265
-0.004006084
-0.003340735
-0.002475835
-0.003279653
-0.001542886
-0.007082663
-0.000274575
-0.001581166
-0.001483251
-0.002289432
-0.001313579
-0.002718081
-0.001049695
-0.002652366
-0.001721346
-0.001203503
-0.000119085
-0.000294787
-0.004774284
-0.004126279
-0.003657632
-0.001141365
-0.000108766
-0.000191989
-0.000607003
-0.000159089
-0.001983151
-0.000212656
-0.002223393
-0.000988515
-0.000061937
-0.004602949
-0.002719940
-0.002460317
-0.003403019
-0.003195360
-0.002177826
-0.000525114
-0.000416228
-0.001039184
-0.001775846
-0.002893843
-0.001530057
-0.000786104
-0.003022563
-0.009321890
-0.001056152
-0.002248260
-0.004989592
-0.003853346
-0.001635926
-0.000653314
-0.004322694
-0.003198473
-0.000409136
-0.000646489
-0.000127154
-0.006120588
-0.003008293
-0.001232738
-0.005792721
-0.003105137
-0.001480390
-0.003179077
-0.003217553
-0.004722244
-0.000328192
-0.003015674
-0.005675006
-0.004254439
-0.003709973
-0.001739946
-0.002062049
-0.001052101
-0.010407961
-0.001676097
-0.005739087
-0.001777308
-0.006975994
-0.002422313
-0.001756095
-0.007472302
-0.000326015
-0.005555360
-0.000660782
-0.000989359
-0.002110470
-0.005280371
-0.001365227
-0.007266596
-0.000688216
-0.000351551
-0.005170034
-0.000170651
-0.007366506
-0.004348619
-0.002433070
-0.001939221
-0.001695073
-0.002332791
-0.003392137
-0.005147904
-0.001850806
-0.000956798
-0.001601455
-0.000583433
-0.001417143
-0.002682607
-0.000346597
-0.000071784
-0.000037095
-0.005441918
-0.006216490
-0.000859580
-0.000300017
-0.000475426
-0.005903566
-0.000808032
-0.000790369
-0.000027851
-0.002713139
-0.000929283
-0.002214312
-0.001628386
-0.001100113
-0.001968480
-0.001780306
-0.002347476
-0.001607332
-0.002845041
-0.000681236
-0.003070675
-0.003576503
-0.006820517
-0.000297798
-0.000833940
-0.000456206
-0.000634240
-0.000903626
-0.008852298
-0.001119198
-0.001962848
-0.000648285
-0.001585080
-0.002334337
-0.001436428
-0.001524819
-0.003031571
-0.000061854
-0.004630761
-0.000406647
-0.004111836
-0.007258285
-0.001863665
-0.001708600
-0.001671645
-0.009460558
-0.002533162
-0.000828279
-0.000552180
-0.002234222
-0.001240088
-0.008830053
-0.000940071
-0.000530726
-0.005020439
-0.001519682
-0.000625159
-0.002397543
-0.001255935
-0.001824423
-0.001581414
-0.000793479
-0.000423650
-0.001545755
-0.002176418
-0.005280916
-0.004165633
-0.005975606
-0.000587146
-0.002157550
-0.003625599
-0.000067063
-0.000132290
-0.004737613
-0.002329606
-0.002260627
-0.001490310
-0.000440971
-0.000724642
-0.000126555
-0.002297794
-0.001323751
-0.002508984
-0.001067741
-0.000088004
-0.004812804
-0.002061458
-0.005982288
-0.004564342
-0.002501503
-0.004281409
-0.003017564
-0.002161318
-0.002082817
-0.000445861
-0.000461189
-0.001148452
-0.012048468
-0.000196967
-0.000492972
-0.000473645
-0.007263143
-0.003927764
-0.003412966
-0.004658548
-0.000771721
-0.000731806
-0.001701116
-0.003496903
-0.004251740
-0.001021277
-0.001380243
-0.000480909
-0.000365340
-0.002879109
-0.000466976
-0.001325161
-0.000217080
-0.003150539
-0.009796120
-0.008923202
-0.002684438
-0.001485443
-0.004118463
-0.001469120
-0.006620205
-0.009189041
-0.002654193
-0.000615912
-0.001371814
-0.000794482
-0.001774682
-0.002101730
-0.001870704
-0.002645515
-0.001218899
-0.000874567
-0.000335212
-0.004229342
-0.011812507
-0.003613696
-0.004728526
-0.005314437
-0.000844102
-0.003218070
-0.000600918
-0.005380286
-0.005175446
-0.002373356
-0.002154691
-0.000477684
-0.002204318
-0.003192886
-0.007084750
-0.001320948
-0.006622502
-0.000933613
-0.001785491
-0.002376978
-0.001644328
-0.000852530
-0.001599717
-0.005390679
-0.000912427
-0.000124711
-0.006862570
-0.001755783
-0.001279783
-0.000498645
-0.001362970
-0.008272819
-0.000618405
-0.000291587
-0.001549151
-0.001977496
-0.001942510
-0.003351308
-0.002064332
-0.002224746
-0.003439226
-0.002455162
-0.002813513
-0.000096582
-0.000294818
-0.001225339
-0.005061241
-0.001652393
-0.000120977
-0.004318779
-0.005787177
-0.010964194
-0.002314236
-0.006257763
-0.000629917
-0.001095081
-0.001901474
-0.002746220
-0.001064662
-0.002483696
-0.004351048
-0.004558029
-0.000161888
-0.002450152
-0.003976057
-0.005866806
-0.000395688
-0.000147369
-0.005958524
-0.002164495
-0.001183666
-0.002567472
-0.003164436
-0.000579322
-0.000679508
-0.003593703
-0.008351031
-0.002772627
-0.000364992
-0.007533093
-0.001176623
-0.002616699
-0.002983535
-0.005099647
-0.002326980
-0.000550716
-0.004173139
-0.001948991
-0.004491689
-0.001665337
-0.004814190
-0.002986825
-0.000622759
-0.000479194
-0.006669162
-0.000989221
-0.003659182
-0.001754945
-0.002841013
-0.001304574
-0.002831488
-0.004732895
-0.002578463
-0.000893737
-0.002137616
-0.000705128
-0.002877124
-0.003173247
-0.005378174
-0.002232995
-0.003050884
-0.000177172
-0.003591116
-0.002353516
-0.002716913
-0.000024142
-0.000065458
-0.004295199
-0.000484287
-0.003704137
-0.006791154
-0.004860341
-0.002122899
-0.000105218
-0.003960209
-0.005980020
-0.003694375
-0.001123931
-0.011426717
-0.006671087
-0.003077183
-0.001514781
-0.000413662
-0.003679486
-0.001850697
-0.000353351
-0.003246270
-0.003619436
-0.001793203
-0.000354491
-0.000407454
-0.001686147
-0.004961720
-0.001744600
-0.000605348
-0.006578254
-0.002035693
-0.000555443
-0.000783913
-0.001072280
-0.003189070
-0.003686432
-0.002116373
-0.000048432
-0.000956254
-0.001506038
-0.008180214
-0.000491474
-0.001711729
-0.003325855
-0.001752476
-0.003897327
-0.000883875
-0.000561075
-0.004364212
-0.010405518
-0.000422887
-0.001188590
-0.004264125
-0.001586175
-0.002560872
-0.005180407
-0.001929716
-0.004469449
-0.000499115
-0.006777837
-0.001302818
-0.009304541
-0.007467581
-0.004580342
-0.000141179
-0.000341654
-0.004980816
-0.005480230
-0.001775665
-0.001575614
-0.000791735
-0.001387823
-0.000953713
-0.004041068
-0.002336360
-0.001225492
-0.000391206
-0.004088160
-0.007880122
-0.001577550
-0.003183686
-0.000463514
-0.003992633
-0.006459292
-0.002646524
-0.002173888
-0.001033216
-0.002649627
-0.006182681
-0.000221060
-0.004619052
-0.000740608
-0.002273165
-0.001895521
-0.000391578
-0.002428806
-0.002311000
-0.006105750
-0.000110477
-0.013142127
-0.004486566
-0.004803933
-0.000952918
-0.003716681
-0.000307056
-0.002868086
-0.000829597
-0.001647363
-0.007048998
-0.000362512
-0.000973401
-0.000006665
-0.004677459
-0.014015717
-0.000815309
-0.001798818
-0.004299729
-0.003447154
-0.000986087
-0.002084482
-0.002103075
-0.001423345
-0.000137442
-0.004310981
-0.001647344
-0.000841432
-0.001342872
-0.000647162
-0.000680288
-0.000950737
-0.003052004
-0.005857289
-0.000757121
-0.001022796
-0.001222271
-0.000188531
-0.001632451
-0.004186513
-0.001983638
-0.005170129
-0.004496878
-0.004852407
-0.002561371
-0.003098994
-0.006193224
-0.005778551
-0.003240219
-0.001110200
-0.004269591
-0.000403360
-0.004730344
-0.000049825
-0.001755996
-0.000031805
-0.001964157
-0.000886473
-0.000122750
-0.001982433
-0.000826960
-0.002845077
-0.000199303
-0.003616382
-0.000472807
-0.007855396
-0.000998268
-0.001993213
-0.000680143
-0.000173159
-0.001249712
-0.001684716
-0.000288512
-0.000477201
-0.000061858
-0.000102973
-0.002154508
-0.001142053
-0.005755064
-0.001205272
-0.000211225
-0.003365706
-0.003005524
-0.001179552
-0.001444609
-0.002492159
-0.004690317
-0.001365016
-0.000746671
-0.000100734
-0.000174478
-0.001052449
-0.002114045
-0.001245340
-0.002493037
-0.006001340
-0.000668607
-0.003849484
-0.001400453
-0.003207278
-0.000086423
-0.001785479
-0.001317897
-0.004153722
-0.002598478
-0.002654647
-0.000390315
-0.000920992
-0.001819522
-0.001824216
-0.000884212
-0.002196056
-0.000380268
-0.000861090
-0.003454014
-0.003014306
-0.003701587
-0.003295074
-0.002820791
-0.001186816
-0.004102254
-0.002262203
-0.003429993
-0.000569299
-0.003576620
-0.002067519
-0.000613821
-0.004623865
-0.001559710
-0.003789146
-0.001750810
-0.000608568
-0.000552955
-0.001385223
-0.009051876
-0.002743304
-0.000037448
-0.003743946
-0.002400744
-0.006183499
-0.001886074
-0.001434639
-0.002827495
-0.000659198
-0.001104035
-0.000558846
-0.011107501
-0.000869324
-0.002089511
-0.000350760
-0.000573228
-0.003531215
-0.002795087
-0.001894487
-0.000506335
-0.001453439
-0.001421959
-0.006866106
-0.001476450
-0.006990393
-0.014187446
-0.008453902
-0.001180939
-0.003309373
-0.003266249
-0.000818429
-0.001664646
-0.000775276
-0.000037020
-0.000825933
-0.001483254
-0.002078136
-0.001590790
-0.002399855
-0.001792157
-0.003985203
-0.003365192
-0.002793389
-0.000308971
-0.001951879
-0.002909601
-0.001893778
-0.000758246
-0.000245998
-0.000530866
-0.001577614
-0.001390448
-0.005971844
-0.003464434
-0.001120063
-0.002244641
-0.002691733
-0.003590852
-0.001602705
-0.002655346
-0.001427587
-0.001371574
-0.000648199
-0.000360838
-0.000471711
-0.000245354
-0.001933561
-0.001632544
-0.001358646
-0.001127324
-0.000145438
-0.001097707
-0.000250638
-0.000916048
-0.001932431
-0.000965323
-0.001665060
-0.002327610
-0.001076295
-0.003056876
-0.001220629
-0.006581479
-0.002771113
-0.004154197
-0.001451316
-0.000097071
-0.000477168
-0.000735453
-0.004840084
-0.008261756
-0.002681490
-0.003899977
-0.002404368
-0.001623507
-0.001351207
-0.006885074
-0.001647851
-0.006393971
-0.010840699
-0.003781036
-0.000681917
-0.000280928
-0.002855014
-0.007458875
-0.000267392
-0.000455534
-0.000209428
-0.004478943
-0.001886832
-0.002827151
-0.007938538
-0.006692484
-0.000836639
-0.003263648
-0.005506094
-0.003195230
-0.003398108
-0.000099479
-0.001380518
-0.000860156
-0.003077145
-0.009140479
-0.002302209
-0.001208101
-0.002067742
-0.001513354
-0.000658321
-0.003220630
-0.000384747
-0.001426546
-0.000575173
-0.000014883
-0.004354406
-0.002208475
-0.002248534
-0.003645227
-0.002025859
-0.000083227
-0.002207053
-0.000228746
-0.002207103
-0.001550151
-0.004125992
-0.000761566
-0.000003131
-0.000592259
-0.000071954
-0.000914826
-0.000869505
-0.001726720
-0.000350398
-0.000660144
-0.001108775
-0.000142639
-0.001340588
-0.003745186
-0.000582752
-0.006041562
-0.003267457
-0.002456107
-0.001064644
-0.005561939
-0.005356523
-0.003589161
-0.000353630
-0.002114583
-0.000386894
-0.002554832
-0.002327647
-0.001815973
-0.004138739
-0.000156139
-0.000071328
-0.003785661
-0.001682977
-0.004452129
-0.002166632
-0.000558605
-0.000181089
-0.000040565
-0.004921416
-0.000939230
-0.002505907
-0.000000083
-0.000503942
-0.004689692
-0.001104535
-0.000798553
-0.005455075
-0.000076506
-0.000109811
-0.000605189
-0.000640844
-0.004648877
-0.002269813
-0.002309646
-0.000758901
-0.000347589
-0.000420844
-0.003796966
-0.000018811
-0.001218458
-0.003525344
-0.001442223
-0.002517683
-0.000193565
-0.003317347
-0.002012944
-0.005423991
-0.000788681
-0.000324403
-0.000002993
-0.002347571
-0.000707495
-0.003714322
-0.000774821
-0.001598961
-0.001958028
-0.000091713
-0.000716375
-0.006496580
-0.000500110
-0.000466204
-0.000361155
-0.002232228
-0.000740466
-0.002651913
-0.001205102
-0.001211601
-0.002244438
-0.000849005
-0.000965942
-0.005483607
-0.002282680
-0.000328605
-0.001714167
-0.003031694
-0.000536697
-0.007258075
-0.009650634
-0.003440577
-0.000421935
-0.002447137
-0.000193662
-0.008415916
-0.003150684
-0.001554777
-0.000781012
-0.001587912
-0.002336339
-0.001071701
-0.002062279
-0.001152971
-0.000152203
-0.005972866
-0.001118305
-0.007827626
-0.003654027
-0.000181392
-0.007687849
-0.000867327
-0.000667868
-0.001674711
-0.001636676
-0.002781709
-0.003879135
-0.007076575
-0.002513683
-0.000542215
-0.005512723
-0.000706958
-0.000560389
-0.002423168
-0.005956759
-0.006847206
-0.001522877
-0.000023142
-0.001052358
-0.009542617
-0.005069945
-0.001655489
-0.003359742
-0.002344950
-0.003022184
-0.002106445
-0.006890703
-0.006600705
-0.001644474
-0.005009165
-0.001014114
-0.001728016
-0.000001684
-0.003387233
-0.000530215
-0.009287975
-0.001860842
-0.013681242
-0.000510824
-0.002269249
-0.002407847
-0.001144709
-0.004668810
-0.000888216
-0.000692121
-0.000320264
-0.004283048
-0.002585345
-0.004487013
-0.000523719
-0.000561025
-0.000823526
-0.001309604
-0.005148069
-0.002862195
-0.000746295
-0.000870233
-0.003380437
-0.001000372
-0.000119246
-0.000824772
-0.001244588
-0.001134704
-0.001314574
-0.000524033
-0.003274147
-0.000818163
-0.000200907
-0.002525431
-0.002834681
-0.000713823
-0.000392773
-0.000025013
-0.001800675
-0.003818120
-0.002915789
-0.000570269
-0.005518572
-0.001552297
-0.000217611
-0.003139666
-0.001354928
-0.004392053
-0.008198573
-0.001034884
-0.001559898
-0.001225183
-0.001402608
-0.001676059
-0.008087830
-0.002437495
-0.002043432
-0.010436582
-0.001613218
-0.002379776
-0.001676445
-0.001047502
-0.001694673
-0.001477923
-0.002015222
-0.000954958
-0.002440089
-0.006061763
-0.002559570
-0.000404377
-0.000377123
-0.002233504
-0.002476604
-0.008247007
-0.001580861
-0.004451628
-0.001913782
-0.004621016
-0.001419881
-0.005766468
-0.001930624
-0.001253998
-0.000908368
-0.001526848
-0.000280692
-0.002253308
-0.000859575
-0.004757429
-0.000537155
-0.000814147
-0.004830328
-0.001198542
-0.000203439
-0.001451109
-0.000092553
-0.002280321
-0.002285215
-0.008854037
-0.001857389
-0.000424390
-0.004209165
-0.002656318
-0.000806900
-0.000673818
-0.004005273
-0.004135400
-0.001417254
-0.000503444
-0.000554117
-0.002237586
-0.002871167
-0.001473770
-0.003442999
-0.000085602
-0.000121838
-0.009339024
-0.003371561
-0.002243024
-0.000171746
-0.002758098
-0.000519547
-0.007665428
-0.008439161
-0.002740788
-0.006133299
-0.008278807
-0.004190916
-0.001884440
-0.005694091
-0.003078931
-0.004720377
-0.000312482
-0.007227267
-0.003579503
-0.003883786
-0.007329846
-0.001070867
-0.006988012
-0.003678909
-0.002647652
-0.000389837
-0.007896887
-0.002307903
-0.006671181
-0.002555851
-0.000703668
-0.000181760
-0.000399522
-0.001652355
-0.000244211
-0.002967460
-0.001033564
-0.000921133
-0.001407484
-0.001478315
-0.002370349
-0.000630223
-0.000494612
-0.005774263
-0.000004566
-0.000933480
-0.000024600
-0.004007328
-0.002119040
-0.003156083
-0.001073183
-0.000265055
-0.001104952
-0.001625159
-0.004919542
-0.002896147
-0.000499489
-0.002877070
-0.000559925
-0.009277432
-0.001083213
-0.003863357
-0.000809348
-0.001793930
-0.002734210
-0.000913707
-0.001625974
-0.003158726
-0.000924998
-0.001074015
-0.000045058
-0.001339061
-0.001530666
-0.002086088
-0.005612745
-0.003138262
-0.002220847
-0.003188966
-0.000004549
-0.000280097
-0.000691598
-0.006527471
-0.002498893
-0.000311670
-0.001925855
-0.000397848
-0.000787472
-0.000135742
-0.001371713
-0.002128225
-0.000479251
-0.000121878
-0.000521812
-0.000510611
-0.001926676
-0.001301839
-0.002616098
-0.002305854
-0.001530780
-0.005535526
-0.010183921
-0.002746193
-0.002138054
-0.000993124
-0.000922530
-0.000679915
-0.002645121
-0.001468296
-0.001484414
-0.000228801
-0.001896001
-0.000652741
-0.001023117
-0.000986128
-0.001434824
-0.000794103
-0.001713791
-0.002474523
-0.000006701
-0.003821224
-0.001226798
-0.000258892
-0.002158634
-0.004514125
-0.001948568
-0.002076092
-0.001225176
-0.004935289
-0.000729812
-0.003968669
-0.001121601
-0.001213651
-0.005081093
-0.000325472
-0.002951165
-0.000459112
-0.001054416
-0.000291147
-0.008985578
-0.001394815
-0.003214602
-0.002053379
-0.000322680
-0.000519521
-0.001847211
-0.001592609
-0.009687007
-0.006788322
-0.001328049
-0.002213183
-0.000697752
-0.000924874
-0.001957432
-0.001107293
-0.002434584
-0.003000197
-0.001985905
-0.004013177
-0.002870489
-0.000618308
-0.001106921
-0.000777765
-0.004541413
-0.003073433
-0.010096765
-0.000148898
-0.000795816
-0.000495159
-0.002481572
-0.004082723
-0.001307554
-0.000469643
-0.003329311
-0.001018916
-0.000237381
-0.000198917
-0.001288761
-0.002691214
-0.005550282
-0.001973883
-0.002770686
-0.001236557
-0.004861431
-0.002983311
-0.003741471
-0.004962051
-0.000380748
-0.002570393
-0.003620164
-0.001674387
-0.005631166
-0.000304132
-0.002840317
-0.000494723
