site node derived_state
9 6647 -0.011878878
27 11317 -0.008656266
65 1452 -0.017952363
71 23167 -0.013143416
75 30294 -0.004153747
83 2500 -0.008989762
85 144 -0.005784980
121 18073 -0.002577783
122 6520 -0.017334277
125 2296 -0.023164838
132 4828 -0.012165917
132 3678 -0.006932254
140 1306 -0.054828111
158 16850 -0.007103262
158 5559 -0.000964374
187 56492 -0.000346037
194 893 -0.066157421
205 8951 -0.017289686
208 809 -0.003507153
218 953 -0.013700079
229 53960 -0.000152726
240 541 -0.005304379
242 15084 -0.001017550
246 942 -0.034241442
267 518 -0.012723736
292 5385 -0.002419499
294 3111 -0.011437110
294 509 -0.018228104
295 14319 -0.016395207
298 205 -0.000092147
326 21989 -0.004092988
328 7856 -0.025309652
336 18210 -0.001718506
342 679 -0.132209095
350 5878 -0.005079001
359 3441 -0.021485839
365 12745 -0.005538896
397 2659 -0.004907785
421 542 -0.005135983
425 6887 -0.011192157
443 31971 -0.000586385
451 3659 -0.006808389
470 17609 -0.002723325
479 9784 -0.012936243
495 5823 -0.009798732
497 31918 -0.006524558
516 1199 -0.015855856
518 24272 -0.017459232
540 3399 -0.029723981
542 795 -0.023509511
564 216 -0.002454725
566 3467 -0.020522910
570 4565 -0.064615225
580 520 -0.002785091
600 3287 -0.045029222
608 5462 -0.002478545
630 15292 -0.004358924
650 770 -0.042554754
655 1605 -0.021914655
656 5154 -0.058990176
687 1035 -0.022652520
702 11747 -0.003915648
703 1461 -0.049885071
712 15230 -0.006173465
712 11963 -0.005909874
713 1471 -0.003785936
714 5312 -0.017900663
733 1033 -0.003336097
751 2894 -0.013928655
802 599 -0.007705167
834 15971 -0.012438217
835 2731 -0.020083349
848 4510 -0.031922376
856 12104 -0.010842779
860 10020 -0.010438027
874 50018 -0.001812390
883 2660 -0.040753677
894 4715 -0.001018290
904 2837 -0.045306491
918 7050 -0.019923714
918 1988 -0.007163263
920 2908 -0.015859838
928 11447 -0.009488984
929 263 -0.060236730
955 1260 -0.080426340
962 641 -0.046371858
985 4453 -0.094054065
993 11255 -0.007188125
1018 1291 -0.011995932
1021 1753 -0.033667863
1027 1869 -0.012233271
1029 1279 -0.024338639
1030 741 -0.010670912
1051 404 -0.022316557
1053 6052 -0.001811621
1053 15914 -0.002231507
1063 43 -0.027089916
1068 562 -0.086392608
1071 16643 -0.008752688
1071 1696 -0.087919896
1080 168 -0.019150909
1092 903 -0.001186190
1099 24 -0.015473334
1102 5286 -0.031787153
1157 848 -0.020068307
1159 195 -0.052115973
1201 43880 -0.000030027
1214 750 -0.006208405
1217 56093 -0.000323092
1265 1186 -0.052379722
1269 1504 -0.000165556
1274 5215 -0.017073479
1275 11192 -0.023471708
1278 1096 -0.071836195
1293 8477 -0.026389449
1297 1635 -0.003248988
1305 2647 -0.019514058
1320 18082 -0.001828381
1321 25588 -0.003215115
1347 5215 -0.020996239
1369 4783 -0.031681164
1374 8865 -0.003995162
1383 34 -0.050886374
1387 814 -0.000868544
1387 219 -0.040856528
1408 6731 -0.019002541
1409 411 -0.006906253
1415 10855 -0.003540423
1457 1132 -0.037903981
1466 1852 -0.072361067
1474 31 -0.034275279
1484 4624 -0.002358017
1485 316 -0.005801739
1487 6305 -0.008416321
1489 65 -0.001193743
1497 1479 -0.029700559
1506 6405 -0.022988197
1513 4179 -0.019920703
1527 381 -0.012681535
1532 10861 -0.020961598
1555 15934 -0.001147681
1556 4705 -0.015779927
1569 5480 -0.003688767
1576 37243 -0.000398251
1580 1588 -0.008466517
1587 2135 -0.054132737
1591 1280 -0.067387441
1593 3335 -0.018642115
1596 11422 -0.006433176
1602 8658 -0.004705273
1606 1565 -0.010155576
1633 3829 -0.024104793
1642 13567 -0.003055062
1642 4839 -0.008878427
1664 4720 -0.004465161
1677 1684 -0.018258214
1681 15428 -0.047019465
1698 54012 -0.000008707
1703 169 -0.066890082
1707 1380 -0.085164431
1710 1969 -0.047498351
1718 5316 -0.037238374
1726 5273 -0.007331664
1739 640 -0.042283780
1752 161 -0.010648111
1785 22107 -0.004774200
1797 1830 -0.045424230
1816 261 -0.006045300
1834 26575 -0.000417503
1846 35900 -0.002133201
1851 526 -0.019458588
1858 40682 -0.002767699
1864 330 -0.055351905
1875 7607 -0.007233719
1879 13634 -0.002732520
1906 1755 -0.009718992
1909 15367 -0.009466913
1922 5754 -0.017179057
1927 9132 -0.024470790
1939 17012 -0.001107639
1944 49906 -0.001640515
1949 19686 -0.000253421
1972 9066 -0.019064917
1979 1675 -0.027523581
1983 11199 -0.017220343
1983 957 -0.007183139
2001 1820 -0.021637476
2006 2024 -0.019063568
2006 604 -0.016093317
2014 788 -0.033966672
2022 1243 -0.058750364
2032 22052 -0.013328264
2033 7256 -0.031681745
2037 4074 -0.000713899
2044 1908 -0.039496458
2045 4783 -0.003001209
2046 2109 -0.010978501
2056 4684 -0.001235815
2058 3615 -0.054827579
2061 6841 -0.082610922
2066 1337 -0.000575521
2082 7608 -0.035531674
2086 1447 -0.027609364
2087 4541 -0.010923704
2094 6805 -0.026515075
2106 10531 -0.034836448
2107 28788 -0.002633845
2108 30 -0.000749326
2117 3067 -0.008927996
2129 11155 -0.044451010
2132 3121 -0.047125861
2133 11109 -0.022433753
2136 3566 -0.000592450
2158 3213 -0.009619460
2181 1276 -0.050931931
2190 930 -0.045849310
2201 23198 -0.002492983
2219 1080 -0.024310964
2228 505 -0.021508504
2234 2263 -0.001307113
2238 21860 -0.013363221
2241 23794 -0.000272258
2266 8683 -0.024568105
2309 3614 -0.041866320
2324 7259 -0.005320765
2325 968 -0.016111724
2327 1357 -0.033737123
2330 8680 -0.054428052
2332 1379 -0.029417938
2334 1925 -0.002433335
2334 48 -0.022742878
2335 18478 -0.003163312
2351 3711 -0.008454290
2351 3477 -0.007481248
2353 3029 -0.002861378
2381 627 -0.008563893
2391 1841 -0.032625803
2394 628 -0.018685882
2399 6515 -0.010381416
2402 2895 -0.029188792
2403 3606 -0.011141919
2414 22986 -0.000342627
2443 1224 -0.000051290
2461 4157 -0.149972681
2470 10500 -0.014274227
2476 1375 -0.015466352
2478 192 -0.051642666
2500 506 -0.032339591
2509 454 -0.015829671
2512 5799 -0.033916975
2530 13349 -0.006199807
2536 56 -0.045838703
2554 1409 -0.037275132
2583 27168 -0.006555241
2584 4706 -0.004688515
2601 3383 -0.008166818
2610 20 -0.029890946
2616 1040 -0.007980643
2623 15611 -0.003163114
2638 663 -0.059536172
2665 9607 -0.013318262
2674 1526 -0.052868742
2676 1786 -0.023419017
2684 1000 -0.029003222
2694 48789 -0.000518001
2717 512 -0.020261535
2718 4537 -0.088146691
2734 86 -0.010283275
2744 4355 -0.017735073
2749 5699 -0.020524356
2750 2255 -0.024947557
2751 11891 -0.001072184
2763 5025 -0.024251984
2763 2956 -0.002390038
2768 1089 -0.090385233
2775 28014 -0.003273952
2784 4774 -0.006567100
2786 57614 -0.000764963
2804 1180 -0.002943531
2812 1245 -0.030985221
2845 9649 -0.016789547
2850 2610 -0.071082927
2861 3212 -0.017982620
2875 7856 -0.043819286
2879 33 -0.077704795
2888 5888 -0.019658628
2934 1988 -0.017686161
2939 16769 -0.004136712
3002 3044 -0.011791574
3003 3930 -0.032337810
3018 4537 -0.125905968
3021 985 -0.019279451
3027 4142 -0.042695317
3028 1882 -0.020390014
3112 6427 -0.001981152
3120 3331 -0.002486907
3124 197 -0.020415893
3125 158 -0.032298372
3131 49483 -0.002187965
3139 1939 -0.010002963
3142 7015 -0.003116173
3155 7119 -0.012750501
3156 2552 -0.067941879
3162 257 -0.069208629
3163 3850 -0.004600567
3171 35207 -0.003782924
3191 44519 -0.000526931
3201 4653 -0.020229495
3228 1942 -0.030073748
3231 1049 -0.006598319
3243 19107 -0.014158582
3244 5709 -0.002146929
3244 3410 -0.038484184
3251 1585 -0.092319583
3273 1118 -0.017139988
3278 560 -0.024357119
3282 15713 -0.003052172
3294 13550 -0.000522492
3309 3335 -0.024094677
3313 19905 -0.006188976
3315 6511 -0.021821499
3341 2313 -0.020153929
3350 475 -0.014706189
3361 542 -0.006569134
3363 1409 -0.041151059
3372 56885 -0.000197801
3392 389 -0.017059843
3395 21703 -0.002267867
3411 10755 -0.008703495
3413 2633 -0.010562121
3421 3089 -0.024463448
3438 1288 -0.014414948
3451 647 -0.042587570
3454 8220 -0.021232772
3469 40 -0.080713613
3488 66 -0.003773352
3504 899 -0.007336542
3530 14325 -0.007880928
3530 8314 -0.009301084
3540 1271 -0.050341316
3542 435 -0.049489593
3556 1955 -0.011477098
3557 1261 -0.010918155
3568 4582 -0.017944506
3574 9118 -0.010648021
3574 1402 -0.028878856
3592 1366 -0.027760248
3603 5500 -0.030451361
3608 2520 -0.008153420
3614 14398 -0.018715323
3619 3612 -0.005324161
3622 1882 -0.016676647
3623 32 -0.024494589
3633 3667 -0.030596120
3694 4250 -0.001435939
3707 7636 -0.012527698
3707 1696 -0.013093202
3727 9845 -0.005396801
3730 269 -0.016835263
3733 10260 -0.011201257
3740 1000 -0.062400249
3747 1414 -0.003347680
3762 716 -0.064468794
3777 3351 -0.095271792
3780 23227 -0.018426444
3790 2500 -0.009819958
3792 1360 -0.007092584
3794 49071 -0.000125633
3819 9477 -0.006093932
3839 5429 -0.005510120
3845 1020 -0.009403088
3863 3931 -0.032133288
3867 41855 -0.005248853
3886 2081 -0.020987518
3894 35173 -0.001470427
3919 128 -0.046379347
3923 4082 -0.008439193
3988 24329 -0.003263476
4003 4821 -0.007088279
4013 1281 -0.003077634
4014 3539 -0.010525011
4027 3785 -0.023675508
4027 825 -0.008473026
4036 10777 -0.008837332
4038 1451 -0.080889646
4040 1096 -0.046451224
4047 50 -0.028711154
4047 2788 -0.011293194
4050 1102 -0.013917454
4073 1418 -0.028183488
4074 40265 -0.000690681
4079 655 -0.010378716
4108 212 -0.063552605
4108 3036 -0.018212288
4112 1043 -0.001330033
4113 56307 -0.000136338
4126 2864 -0.035147588
4153 983 -0.020224877
4171 13319 -0.007381114
4212 3517 -0.000223913
4217 1114 -0.006078950
4224 7129 -0.052094013
4227 18245 -0.012555000
4237 3635 -0.022560946
4243 7160 -0.017326718
4245 1190 -0.002037658
4260 1069 -0.000693684
4262 470 -0.061416550
4268 6427 -0.017364430
4278 1667 -0.016944617
4282 28771 -0.016106160
4299 3213 -0.010032966
4303 918 -0.076176079
4307 2248 -0.032902392
4310 504 -0.007764891
4338 1917 -0.023301813
4339 1696 -0.004628818
4348 865 -0.003920465
4348 1590 -0.046577345
4350 37244 -0.005911278
4350 1097 -0.010351722
4409 523 -0.054108268
4418 463 -0.036730636
4419 1110 -0.004935968
4422 679 -0.005472542
4426 7890 -0.030832465
4434 1962 -0.034886612
4450 2009 -0.025637042
4451 577 -0.006398505
4462 55901 -0.000079136
4463 4504 -0.047262766
4498 3667 -0.029559100
4499 53891 -0.000961345
4501 1895 -0.034952446
4524 11141 -0.015798952
4525 752 -0.007342739
4531 515 -0.017007164
4533 1391 -0.014638978
4537 8105 -0.003073524
4571 1662 -0.068714259
4581 2983 -0.001435132
4581 348 -0.027545802
4597 1253 -0.105977360
