Individual, Wi
1,0.828180
2,0.835285
3,0.800450
4,0.890716
5,0.881396
6,0.941648
7,0.865750
8,0.920576
9,0.934116
10,0.934334
11,0.880868
12,0.972894
13,0.948853
14,0.941976
15,0.809541
16,0.899700
17,0.953801
18,0.904879
19,0.903690
20,0.937373
21,0.942791
22,0.827688
23,0.885959
24,0.967905
25,0.916759
26,0.924835
27,0.959991
28,0.876428
29,0.887234
30,0.929043
31,0.926807
32,0.874420
33,0.982948
34,0.884946
35,0.922498
36,0.959936
37,0.762675
38,0.812746
39,0.909796
40,0.908588
41,0.921150
42,0.924810
43,0.897122
44,0.949442
45,0.932968
46,0.972787
47,0.912226
48,0.882107
49,0.930293
50,0.945314
51,0.920654
52,0.817295
53,0.806268
54,0.878849
55,0.898203
56,0.944789
57,0.962746
58,0.904016
59,0.821636
60,0.882353
61,0.880366
62,0.862236
63,0.957406
64,0.959847
65,0.909332
66,0.936813
67,0.920616
68,0.945713
69,0.936547
70,0.728708
71,0.981783
72,0.801062
73,0.938575
74,0.902363
75,0.951509
76,0.959482
77,0.910147
78,0.882720
79,0.915997
80,0.942185
81,0.864005
82,0.926343
83,0.934806
84,0.890327
85,0.953129
86,0.919974
87,0.926526
88,0.916619
89,0.911762
90,0.946971
91,0.958134
92,0.975014
93,0.940446
94,0.870561
95,0.932017
96,0.875425
97,0.817714
98,0.862889
99,0.907768
100,0.972597
101,0.864865
102,0.876203
103,0.845932
104,0.902487
105,0.909828
106,0.844589
107,0.685675
108,0.858478
109,0.889116
110,0.960308
111,0.955525
112,0.926778
113,0.846016
114,0.917421
115,0.974808
116,0.915607
117,0.947357
118,0.954765
119,0.933523
120,0.888408
121,0.914869
122,0.802603
123,0.940550
124,0.938004
125,0.931712
126,0.883435
127,0.965431
128,0.865820
129,0.878500
130,0.815646
131,0.927813
132,0.955328
133,0.822437
134,0.846797
135,0.687958
136,0.922893
137,0.871090
138,0.842740
139,0.976294
140,0.908048
141,0.918489
142,0.862915
143,0.922421
144,0.963276
145,0.927406
146,0.897394
147,0.908419
148,0.942645
149,0.854647
150,0.926352
151,0.862378
152,0.951456
153,0.936512
154,0.950669
155,0.919555
156,0.936030
157,0.979291
158,0.909194
159,0.781097
160,0.870265
161,0.896137
162,0.905073
163,0.873740
164,0.905973
165,0.877446
166,0.899572
167,0.913646
168,0.950399
169,0.854917
170,0.864344
171,0.889810
172,0.940982
173,0.963193
174,0.941385
175,0.752763
176,0.883970
177,0.899606
178,0.857227
179,0.928829
180,0.925382
181,0.901457
182,0.954818
183,0.963258
184,0.869924
185,0.970728
186,0.994590
187,0.879023
188,0.962055
189,0.960877
190,0.880761
191,0.962085
192,0.902124
193,0.952165
194,0.881718
195,0.872928
196,0.906399
197,0.940377
198,0.977202
199,0.920011
200,0.831448
201,0.903499
202,0.887375
203,0.910839
204,0.962699
205,0.962746
206,0.917377
207,0.856573
208,0.934441
209,0.912130
210,0.891980
211,0.956514
212,0.867110
213,0.921324
214,0.850294
215,0.842302
216,0.922086
217,0.957539
218,0.959476
219,0.886894
220,0.836370
221,0.932034
222,0.915102
223,0.869317
224,0.869557
225,0.947907
226,0.917031
227,0.946582
228,0.954028
229,0.825279
230,0.872656
231,0.760980
232,0.899489
233,0.848552
234,0.921497
235,0.961585
236,0.888360
237,0.865987
238,0.873846
239,0.896846
240,0.800604
241,0.897439
242,0.945873
243,0.883008
244,0.917779
245,0.828491
246,0.888312
247,0.856554
248,0.796034
249,0.923488
250,0.913179
251,0.826010
252,0.928866
253,0.896473
254,0.891083
255,0.863776
256,0.951681
257,0.878088
258,0.963676
259,0.980132
260,0.959919
261,0.915598
262,0.917556
263,0.919858
264,0.770771
265,0.974316
266,0.892526
267,0.925249
268,0.923376
269,0.946795
270,0.972423
271,0.958308
272,0.917543
273,0.989970
274,0.963784
275,0.771207
276,0.941922
277,0.919979
278,0.966789
279,0.926196
280,0.946993
281,0.962736
282,0.797399
283,0.957515
284,0.843499
285,0.953128
286,0.901730
287,0.913093
288,0.938206
289,0.957402
290,0.938395
291,0.938599
292,0.937320
293,0.929759
294,0.905718
295,0.954491
296,0.914199
297,0.958255
298,0.911821
299,0.953066
300,0.977506
301,0.950743
302,0.898833
303,0.938782
304,0.903178
305,0.892909
306,0.925136
307,0.874657
308,0.949385
309,0.864701
310,0.873469
311,0.890239
312,0.908065
313,0.956428
314,0.875377
315,0.928255
316,0.919621
317,0.907721
318,0.896415
319,0.725615
320,0.924709
321,0.885698
322,0.927530
323,0.902116
324,0.856839
325,0.939267
326,0.966110
327,0.902491
328,0.898133
329,0.931199
330,0.876058
331,0.854355
332,0.962188
333,0.962869
334,0.844991
335,0.943210
336,0.846751
337,0.885122
338,0.943067
339,0.866708
340,0.898894
341,0.899589
342,0.953418
343,0.882863
344,0.920105
345,0.911221
346,0.843070
347,0.921955
348,0.814403
349,0.894071
350,0.944667
351,0.913353
352,0.943749
353,0.915304
354,0.920010
355,0.983263
356,0.927781
357,0.852375
358,0.712811
359,0.909575
360,0.891982
361,0.837475
362,0.951116
363,0.903681
364,0.869003
365,0.756152
366,0.936982
367,0.879988
368,0.987461
369,0.917755
370,0.791040
371,0.887126
372,0.956158
373,0.967074
374,0.870339
375,0.899158
376,0.971761
377,0.921673
378,0.916436
379,0.947050
380,0.814593
381,0.788206
382,0.813595
383,0.976035
384,0.897258
385,0.799851
386,0.969766
387,0.940151
388,0.924303
389,0.828617
390,0.948847
391,0.979944
392,0.935074
393,0.912714
394,0.851352
395,0.947969
396,0.870262
397,0.891689
398,0.948616
399,0.945545
400,0.858973
401,0.951858
402,0.909696
403,0.936037
404,0.974250
405,0.922463
406,0.904681
407,0.947478
408,0.948216
409,0.874695
410,0.861370
411,0.978355
412,0.956837
413,0.885961
414,0.840245
415,0.762283
416,0.885815
417,0.945494
418,0.902635
419,0.898869
420,0.920041
421,0.950273
422,0.884270
423,0.944634
424,0.875679
425,0.984079
426,0.940595
427,0.824354
428,0.846845
429,0.920279
430,0.879221
431,0.872034
432,0.933921
433,0.854280
434,0.891098
435,0.909370
436,0.968647
437,0.800077
438,0.925674
439,0.845933
440,0.931461
441,0.856260
442,0.935380
443,0.937834
444,0.927338
445,0.903898
446,0.853646
447,0.937454
448,0.957387
449,0.915384
450,0.948974
451,0.974190
452,0.891905
453,0.870693
454,0.898526
455,0.810044
456,0.909602
457,0.946741
458,0.900810
459,0.898486
460,0.880889
461,0.968610
462,0.979298
463,0.895250
464,0.929515
465,0.944942
466,0.928606
467,0.937869
468,0.870978
469,0.901680
470,0.875882
471,0.870039
472,0.913430
473,0.929042
474,0.978592
475,0.938305
476,0.939968
477,0.955705
478,0.780638
479,0.926787
480,0.951900
481,0.930425
482,0.918656
483,0.885288
484,0.883964
485,0.949824
486,0.897737
487,0.927727
488,0.930559
489,0.946654
490,0.929394
491,0.983645
492,0.862624
493,0.883943
494,0.961728
495,0.914482
496,0.889790
497,0.957400
498,0.851366
499,0.902983
500,0.957717
501,0.958021
502,0.830444
503,0.965446
504,0.906417
505,0.970219
506,0.890184
507,0.932316
508,0.916572
509,0.858269
510,0.944034
511,0.870013
512,0.916825
513,0.918257
514,0.948132
515,0.921595
516,0.929251
517,0.842901
518,0.896430
519,0.760702
520,0.842450
521,0.945264
522,0.922880
523,0.923638
524,0.879414
525,0.876734
526,0.916114
527,0.921983
528,0.851845
529,0.881338
530,0.945604
531,0.934784
532,0.843420
533,0.974267
534,0.921179
535,0.894935
536,0.861013
537,0.943365
538,0.898862
539,0.992589
540,0.945399
541,0.972895
542,0.795829
543,0.889063
544,0.909468
545,0.906067
546,0.876115
547,0.981942
548,0.875080
549,0.907423
550,0.872480
551,0.867351
552,0.941323
553,0.899987
554,0.910069
555,0.884207
556,0.862908
557,0.859901
558,0.916877
559,0.924358
560,0.836694
561,0.920916
562,0.782755
563,0.932290
564,0.904426
565,0.848788
566,0.912393
567,0.972101
568,0.956331
569,0.949670
570,0.934458
571,0.922625
572,0.845628
573,0.859078
574,0.946967
575,0.937115
576,0.871166
577,0.823222
578,0.925264
579,0.891311
580,0.924516
581,0.959400
582,0.862322
583,0.952182
584,0.835459
585,0.921759
586,0.911500
587,0.830000
588,0.932408
589,0.944552
590,0.932452
591,0.841807
592,0.934667
593,0.920242
594,0.919531
595,0.929250
596,0.869867
597,0.946797
598,0.946987
599,0.936776
600,0.983234
601,0.895744
602,0.857029
603,0.849112
604,0.970981
605,0.887161
606,0.872432
607,0.976813
608,0.832502
609,0.851277
610,0.882594
611,0.831664
612,0.902232
613,0.937102
614,0.918469
615,0.825237
616,0.916763
617,0.860190
618,0.832405
619,0.903706
620,0.936530
621,0.854567
622,0.923535
623,0.890137
624,0.895992
625,0.884430
626,0.900256
627,0.920434
628,0.942822
629,0.919495
630,0.887292
631,0.860219
632,0.943393
633,0.854696
634,0.829361
635,0.869996
636,0.825893
637,0.866482
638,0.905027
639,0.935809
640,0.960014
641,0.932129
642,0.813399
643,0.863397
644,0.956968
645,0.956059
646,0.956099
647,0.872511
648,0.916430
649,0.926913
650,0.834374
651,0.928693
652,0.967681
653,0.958565
654,0.956309
655,0.956063
656,0.985079
657,0.923564
658,0.831745
659,0.952656
660,0.951243
661,0.887152
662,0.941980
663,0.973349
664,0.965690
665,0.817694
666,0.868887
667,0.930037
668,0.972643
669,0.869348
670,0.841197
671,0.842024
672,0.906564
673,0.777681
674,0.951758
675,0.959904
676,0.893170
677,0.909469
678,0.930114
679,0.975030
680,0.865113
681,0.947956
682,0.898874
683,0.934850
684,0.849627
685,0.919180
686,0.907502
687,0.948588
688,0.840972
689,0.865485
690,0.934488
691,0.875098
692,0.906457
693,0.931990
694,0.894796
695,0.919057
696,0.948703
697,0.916925
698,0.808653
699,0.922532
700,0.862571
701,0.896245
702,0.933233
703,0.787976
704,0.943159
705,0.948315
706,0.918946
707,0.855859
708,0.950952
709,0.972480
710,0.886602
711,0.888986
712,0.899515
713,0.938944
714,0.916397
715,0.874653
716,0.905388
717,0.908026
718,0.899889
719,0.883925
720,0.886455
721,0.939099
722,0.948109
723,0.841521
724,0.937654
725,0.796964
726,0.796844
727,0.932703
728,0.856886
729,0.954263
730,0.902211
731,0.921096
732,0.862245
733,0.823573
734,0.940310
735,0.887389
736,0.905039
737,0.904741
738,0.886281
739,0.935609
740,0.868715
741,0.941099
742,0.876879
743,0.930927
744,0.949874
745,0.976888
746,0.966409
747,0.852114
748,0.885648
749,0.859498
750,0.881062
751,0.914274
752,0.914747
753,0.777076
754,0.834763
755,0.881844
756,0.972867
757,0.930946
758,0.861120
759,0.847957
760,0.914108
761,0.917886
762,0.870263
763,0.922012
764,0.932114
765,0.918812
766,0.927083
767,0.893344
768,0.923310
769,0.952559
770,0.861741
771,0.895320
772,0.911025
773,0.931231
774,0.837812
775,0.957884
776,0.779442
777,0.876301
778,0.922056
779,0.752939
780,0.927751
781,0.928412
782,0.864469
783,0.970004
784,0.955643
785,0.932404
786,0.890398
787,0.872923
788,0.903304
789,0.820186
790,0.942199
791,0.832583
792,0.974952
793,0.950744
794,0.940194
795,0.932255
796,0.979395
797,0.895157
798,0.939334
799,0.915057
800,0.855443
801,0.913812
802,0.914362
803,0.810539
804,0.932775
805,0.762746
806,0.917958
807,0.882766
808,0.954412
809,0.891203
810,0.910043
811,0.900891
812,0.911508
813,0.971721
814,0.942375
815,0.960259
816,0.933714
817,0.951301
818,0.929343
819,0.958596
820,0.896329
821,0.820579
822,0.928533
823,0.846986
824,0.935042
825,0.956606
826,0.950331
827,0.870457
828,0.838326
829,0.867270
830,0.966511
831,0.957756
832,0.942860
833,0.812017
834,0.880256
835,0.946447
836,0.853896
837,0.947525
838,0.881914
839,0.814826
840,0.903499
841,0.877171
842,0.964290
843,0.873258
844,0.852444
845,0.870950
846,0.968886
847,0.932555
848,0.876958
849,0.840364
850,0.931213
851,0.872301
852,0.901497
853,0.891358
854,0.899183
855,0.916982
856,0.808867
857,0.971529
858,0.870555
859,0.789683
860,0.922037
861,0.876245
862,0.915743
863,0.842893
864,0.924629
865,0.935280
866,0.947716
867,0.910095
868,0.880404
869,0.913320
870,0.900766
871,0.844821
872,0.825903
873,0.952291
874,0.820071
875,0.917161
876,0.838332
877,0.889582
878,0.916790
879,0.957280
880,0.876808
881,0.913064
882,0.911227
883,0.904512
884,0.921023
885,0.961633
886,0.901924
887,0.798948
888,0.925284
889,0.906176
890,0.872857
891,0.884871
892,0.921825
893,0.939412
894,0.868072
895,0.750810
896,0.938806
897,0.880650
898,0.855868
899,0.868822
900,0.853096
901,0.915574
902,0.910202
903,0.845698
904,0.954263
905,0.914213
906,0.915962
907,0.939555
908,0.903521
909,0.971792
910,0.861414
911,0.788233
912,0.917990
913,0.901237
914,0.881816
915,0.835358
916,0.865098
917,0.930567
918,0.938131
919,0.785460
920,0.966773
921,0.933169
922,0.935418
923,0.887729
924,0.984291
925,0.685780
926,0.874988
927,0.898226
928,0.843598
929,0.946414
930,0.979336
931,0.909339
932,0.959342
933,0.967896
934,0.914946
935,0.836303
936,0.783202
937,0.839245
938,0.944515
939,0.885371
940,0.896289
941,0.851669
942,0.899953
943,0.872470
944,0.936488
945,0.904708
946,0.893917
947,0.951266
948,0.883008
949,0.863500
950,0.912101
951,0.924761
952,0.958679
953,0.821201
954,0.956555
955,0.852951
956,0.896244
957,0.882050
958,0.892830
959,0.982481
960,0.874818
961,0.945711
962,0.891491
963,0.859701
964,0.942581
965,0.866328
966,0.896015
967,0.975587
968,0.964129
969,0.772363
970,0.974819
971,0.917424
972,0.822721
973,0.932147
974,0.975113
975,0.865282
976,0.770040
977,0.864583
978,0.861774
979,0.955774
980,0.811186
981,0.965938
982,0.909231
983,0.906406
984,0.963544
985,0.920236
986,0.895022
987,0.953854
988,0.698133
989,0.881992
990,0.830042
991,0.953507
992,0.870828
993,0.951319
994,0.805605
995,0.863270
996,0.915426
997,0.852692
998,0.854693
999,0.943187
1000,0.940433
End of burn-in phase not reached.