mutation
-0.000728856
-0.002280524
-0.000596552
-0.000039407
-0.000160358
-0.000015932
-0.000258266
-0.000375440
-0.000053107
-0.001052437
-0.001431900
-0.001398608
-0.003549547
-0.001145782
-0.000674840
-0.000549349
-0.002462839
-0.001798099
-0.000191273
-0.001958208
-0.000327035
-0.002688593
-0.001130541
-0.000800445
-0.001144222
-0.000625311
-0.001421408
-0.002306939
-0.000458088
-0.001069408
-0.001877086
-0.000895557
-0.001859169
-0.000175408
-0.000514069
-0.002450668
-0.000514783
-0.000282548
-0.001365949
-0.000093699
-0.000010852
-0.000981165
-0.000213192
-0.000504934
-0.000489605
-0.002469792
-0.001043172
-0.001600903
-0.000697235
-0.001139217
-0.000370531
-0.000425488
-0.000179843
-0.000711802
-0.000843030
-0.000449287
-0.000300958
-0.000430564
-0.000101325
-0.000055432
-0.000011965
-0.000149507
-0.000440119
-0.000902992
-0.000296730
-0.002332183
-0.000383232
-0.001502715
-0.002396256
-0.000231397
-0.000288205
-0.000285959
-0.001561871
-0.000679808
-0.002026154
-0.000340757
-0.000008724
-0.000674895
-0.000780822
-0.001007335
-0.004038241
-0.000856211
-0.000007133
-0.000465512
-0.001939489
-0.000132762
-0.001861062
-0.000429662
-0.000041188
-0.000333417
-0.000138342
-0.000729060
-0.000779788
-0.001518657
-0.000617089
-0.001866778
-0.000011069
-0.000827123
-0.000226616
-0.001056550
-0.000932082
-0.001298706
-0.001349707
-0.001047751
-0.000030295
-0.000690328
-0.000799552
-0.000068556
-0.001305711
-0.000069772
-0.002804613
-0.000666737
-0.000290646
-0.000500253
-0.000128013
-0.000378073
-0.000588117
-0.000452091
-0.000784587
-0.000075488
-0.000896480
-0.000282019
-0.001542523
-0.000552824
-0.001734999
-0.004921485
-0.000595184
-0.000028430
-0.000375476
-0.000188532
-0.000071944
-0.000009624
-0.000272253
-0.004141189
-0.000615655
-0.000000522
-0.001528251
-0.000174269
-0.001897465
-0.000356370
-0.000270844
-0.002295289
-0.000841272
-0.000147486
-0.002288772
-0.000281632
-0.000959699
-0.001762038
-0.000621297
-0.000867596
-0.000427578
-0.002261980
-0.000293596
-0.000401445
-0.000168197
-0.000693057
-0.002206297
-0.000240005
-0.000186199
-0.000518166
-0.000112790
-0.002770572
-0.001577493
-0.001286221
-0.002534415
-0.001936669
-0.000169184
-0.000044119
-0.000399322
-0.000196169
-0.000198928
-0.001346440
-0.000160893
-0.000077234
-0.000119877
-0.001911468
-0.002705448
-0.001513917
-0.002681514
-0.000738844
-0.000406551
-0.000371610
-0.001147885
-0.000021423
-0.000520820
-0.000409562
-0.001219736
-0.000374325
-0.000199283
-0.002272914
-0.000332587
-0.000013414
-0.000223309
-0.002037373
-0.000565034
-0.000349885
-0.000623854
-0.000465636
-0.001222608
-0.000940365
-0.000874853
-0.000263652
-0.002149461
-0.000120487
-0.000089381
-0.001142669
-0.001169305
-0.000371207
-0.000074979
-0.000411274
-0.001087528
-0.000654098
-0.000342637
-0.003565067
-0.000207205
-0.002176269
-0.000604205
-0.003240935
-0.002700073
-0.000665942
-0.000390969
-0.001553822
-0.000772948
-0.000461195
-0.000477546
-0.000847858
-0.001191209
-0.001457735
-0.000905286
-0.001322824
-0.000593554
-0.002250387
-0.000310487
-0.000335452
-0.000787398
-0.000385173
-0.001801089
-0.002134180
-0.001199536
-0.001107820
-0.000473180
-0.000068942
-0.000148093
-0.001070234
-0.001456747
-0.001154373
-0.000619520
-0.000752206
-0.000121447
-0.001884374
-0.000982013
-0.000055627
-0.000116381
-0.001312883
-0.001414734
-0.000514006
-0.000105407
-0.000870222
-0.000564330
-0.000571212
-0.000069949
-0.000691606
-0.000368647
-0.001103170
-0.003284644
-0.000099540
-0.001440500
-0.000066617
-0.000292333
-0.000275745
-0.000093276
-0.001354750
-0.001386341
-0.000980342
-0.003326298
-0.001516785
-0.001757264
-0.000507630
-0.002016995
-0.000503741
-0.000242710
-0.001453233
-0.000414921
-0.000128723
-0.002028904
-0.000332624
-0.001619693
-0.000766542
-0.001196475
-0.002381361
-0.000365731
-0.002232023
-0.000552824
-0.000925066
-0.002184391
-0.000468934
-0.000267040
-0.001936673
-0.001905327
-0.002684062
-0.001552802
-0.000209010
-0.000279041
-0.001287661
-0.002261949
-0.000498551
-0.003886450
-0.000283161
-0.000739158
-0.001051262
-0.001025484
-0.000138032
-0.001481039
-0.002707338
-0.000347135
-0.000326141
-0.000365425
-0.000151509
-0.001111345
-0.001684501
-0.000418119
-0.000260948
