Burn-in phase called as ending in generation 503
Individual, Wi
1,0.104212
2,0.105322
3,0.104400
4,0.124714
5,0.112516
6,0.143409
7,0.137683
8,0.098139
9,0.121977
10,0.125247
11,0.082703
12,0.070082
13,0.091115
14,0.101328
15,0.078210
16,0.108434
17,0.059848
18,0.105352
19,0.167185
20,0.157768
21,0.083714
22,0.112499
23,0.094235
24,0.081118
25,0.085420
26,0.091985
27,0.095586
28,0.083602
29,0.111796
30,0.088720
31,0.105537
32,0.121173
33,0.111523
34,0.103771
35,0.101814
36,0.105570
37,0.121058
38,0.116065
39,0.122669
40,0.118631
41,0.110568
42,0.148803
43,0.135318
44,0.152180
45,0.083320
46,0.075877
47,0.123829
48,0.060615
49,0.084811
50,0.090737
51,0.062815
52,0.112557
53,0.065427
54,0.128044
55,0.123919
56,0.143964
57,0.146770
58,0.161154
59,0.097910
60,0.096848
61,0.117775
62,0.118224
63,0.094563
64,0.111294
65,0.097690
66,0.090005
67,0.066939
68,0.107064
69,0.141660
70,0.089881
71,0.092487
72,0.129239
73,0.056148
74,0.105855
75,0.121971
76,0.106830
77,0.102824
78,0.092414
79,0.132875
80,0.101489
81,0.074882
82,0.084266
83,0.118143
84,0.093211
85,0.152708
86,0.197133
87,0.070108
88,0.127825
89,0.101309
90,0.131032
91,0.081113
92,0.076897
93,0.074985
94,0.073938
95,0.133324
96,0.095295
97,0.089974
98,0.133697
99,0.128860
100,0.085208
101,0.081792
102,0.127566
103,0.104517
104,0.131900
105,0.111664
106,0.085058
107,0.092965
108,0.096693
109,0.120029
110,0.101153
111,0.107891
112,0.120613
113,0.095072
114,0.093140
115,0.093990
116,0.111397
117,0.110513
118,0.097191
119,0.083561
120,0.106942
121,0.073870
122,0.180243
123,0.094941
124,0.119230
125,0.104055
126,0.171878
127,0.089222
128,0.129520
129,0.107690
130,0.136522
131,0.095754
132,0.112971
133,0.145117
134,0.110684
135,0.089437
136,0.115706
137,0.141511
138,0.102825
139,0.098802
140,0.115220
141,0.130666
142,0.106964
143,0.084994
144,0.096339
145,0.097937
146,0.071443
147,0.115688
148,0.100958
149,0.091148
150,0.125627
151,0.108242
152,0.142134
153,0.079943
154,0.131796
155,0.138429
156,0.128216
157,0.064192
158,0.115447
159,0.093853
160,0.154919
161,0.098079
162,0.127364
163,0.094618
164,0.132615
165,0.103724
166,0.075443
167,0.105789
168,0.111236
169,0.128289
170,0.080496
171,0.156270
172,0.113648
173,0.107784
174,0.084749
175,0.101557
176,0.142280
177,0.141567
178,0.084473
179,0.110218
180,0.128749
181,0.117939
182,0.148065
183,0.133718
184,0.128533
185,0.078907
186,0.152535
187,0.092516
188,0.100220
189,0.150005
190,0.079443
191,0.134853
192,0.127016
193,0.097162
194,0.138445
195,0.139824
196,0.120156
197,0.087014
198,0.101669
199,0.095390
200,0.081355
201,0.102585
202,0.130440
203,0.102106
204,0.142380
205,0.133260
206,0.078305
207,0.134798
208,0.120861
209,0.101971
210,0.188628
211,0.073044
212,0.132094
213,0.104520
214,0.085173
215,0.097821
216,0.101034
217,0.090300
218,0.134072
219,0.098195
220,0.064334
221,0.122966
222,0.067771
223,0.100785
224,0.086525
225,0.128339
226,0.077518
227,0.148410
228,0.071257
229,0.097187
230,0.105562
231,0.153379
232,0.171208
233,0.150739
234,0.121483
235,0.144396
236,0.130539
237,0.067453
238,0.103582
239,0.082254
240,0.108111
241,0.106611
242,0.128845
243,0.112174
244,0.079154
245,0.150521
246,0.149384
247,0.067706
248,0.121191
249,0.090574
250,0.059662
251,0.046451
252,0.099398
253,0.104329
254,0.084948
255,0.111644
256,0.123600
257,0.113440
258,0.143733
259,0.124997
260,0.104314
261,0.128398
262,0.095150
263,0.075923
264,0.111457
265,0.144421
266,0.174591
267,0.109306
268,0.066591
269,0.095704
270,0.132066
271,0.138597
272,0.090983
273,0.119785
274,0.082059
275,0.136255
276,0.107145
277,0.112872
278,0.135126
279,0.081484
280,0.102550
281,0.107529
282,0.102569
283,0.128130
284,0.101862
285,0.091955
286,0.066938
287,0.103360
288,0.096681
289,0.103558
290,0.067313
291,0.097348
292,0.076996
293,0.072072
294,0.124200
295,0.150557
296,0.078639
297,0.076828
298,0.132269
299,0.104985
300,0.200775
301,0.072586
302,0.088600
303,0.164256
304,0.140482
305,0.144161
306,0.085956
307,0.076928
308,0.090903
309,0.125286
310,0.117111
311,0.071808
312,0.137204
313,0.087776
314,0.125123
315,0.131968
316,0.090487
317,0.119744
318,0.126182
319,0.120240
320,0.093309
321,0.119689
322,0.105499
323,0.110830
324,0.145689
325,0.115892
326,0.111489
327,0.147087
328,0.116779
329,0.126000
330,0.091039
331,0.127463
332,0.077454
333,0.099609
334,0.085663
335,0.118628
336,0.143584
337,0.125534
338,0.134666
339,0.083515
340,0.148170
341,0.108195
342,0.144035
343,0.155856
344,0.126224
345,0.093602
346,0.083728
347,0.071274
348,0.089783
349,0.101544
350,0.078011
351,0.105874
352,0.124176
353,0.133158
354,0.102927
355,0.092955
356,0.104017
357,0.099930
358,0.140574
359,0.054273
360,0.101815
361,0.085544
362,0.107303
363,0.101968
364,0.109535
365,0.106549
366,0.134530
367,0.155694
368,0.140113
369,0.082324
370,0.129912
371,0.124924
372,0.086202
373,0.066202
374,0.125892
375,0.100370
376,0.088077
377,0.092212
378,0.122490
379,0.139510
380,0.097200
381,0.123328
382,0.153713
383,0.091106
384,0.109276
385,0.101242
386,0.094459
387,0.105758
388,0.089410
389,0.080888
390,0.133925
391,0.125579
392,0.115349
393,0.105278
394,0.081692
395,0.082286
396,0.137937
397,0.138076
398,0.117846
399,0.139706
400,0.113891
401,0.107974
402,0.128119
403,0.117591
404,0.103222
405,0.094174
406,0.099197
407,0.107888
408,0.106328
409,0.097545
410,0.123517
411,0.154309
412,0.108526
413,0.091250
414,0.124867
415,0.167637
416,0.106058
417,0.095627
418,0.074580
419,0.067702
420,0.099222
421,0.083207
422,0.125423
423,0.135122
424,0.112493
425,0.156355
426,0.108987
427,0.075633
428,0.154983
429,0.115133
430,0.149812
431,0.087556
432,0.108712
433,0.118464
434,0.138788
435,0.125743
436,0.089662
437,0.080763
438,0.108063
439,0.129256
440,0.064813
441,0.086055
442,0.121765
443,0.111102
444,0.107917
445,0.100372
446,0.135024
447,0.124852
448,0.085395
449,0.100691
450,0.140043
451,0.082884
452,0.146667
453,0.112824
454,0.077613
455,0.157405
456,0.089228
457,0.099489
458,0.143305
459,0.132405
460,0.121238
461,0.089387
462,0.106585
463,0.094831
464,0.084655
465,0.121490
466,0.195833
467,0.100289
468,0.102303
469,0.063437
470,0.103901
471,0.140131
472,0.120079
473,0.131846
474,0.089415
475,0.113608
476,0.133591
477,0.170955
478,0.109944
479,0.088978
480,0.113186
481,0.098281
482,0.080899
483,0.091181
484,0.096233
485,0.125580
486,0.165654
487,0.127302
488,0.120156
489,0.108595
490,0.157784
491,0.135219
492,0.135311
493,0.154555
494,0.142647
495,0.049994
496,0.091544
497,0.090493
498,0.132506
499,0.124239
500,0.098359
501,0.102082
502,0.141532
503,0.115438
504,0.119586
505,0.100323
506,0.142441
507,0.107757
508,0.090807
509,0.119496
510,0.108513
511,0.136361
512,0.114143
513,0.105196
514,0.112576
515,0.150962
516,0.101785
517,0.087233
518,0.099430
519,0.089002
520,0.131428
521,0.095211
522,0.100302
523,0.114224
524,0.114909
525,0.102497
526,0.128204
527,0.122389
528,0.081523
529,0.094115
530,0.146232
531,0.070540
532,0.082148
533,0.101013
534,0.109255
535,0.120824
536,0.098911
537,0.150124
538,0.091866
539,0.137769
540,0.124996
541,0.073592
542,0.151890
543,0.108535
544,0.113106
545,0.116067
546,0.086097
547,0.080694
548,0.064466
549,0.101137
550,0.073806
551,0.082379
552,0.136831
553,0.125236
554,0.113091
555,0.060338
556,0.090474
557,0.134480
558,0.114957
559,0.102093
560,0.109724
561,0.129431
562,0.061890
563,0.115748
564,0.100904
565,0.114182
566,0.141579
567,0.079992
568,0.098914
569,0.133811
570,0.121877
571,0.116519
572,0.091828
573,0.144847
574,0.120795
575,0.119996
576,0.069593
577,0.120950
578,0.136507
579,0.147590
580,0.133284
581,0.171204
582,0.053150
583,0.172790
584,0.077240
585,0.138732
586,0.063955
587,0.165283
588,0.099756
589,0.071191
590,0.116900
591,0.112591
592,0.089201
593,0.119180
594,0.112810
595,0.119030
596,0.088079
597,0.081475
598,0.152461
599,0.113853
600,0.062329
601,0.134787
602,0.163716
603,0.090412
604,0.115507
605,0.086471
606,0.117231
607,0.104756
608,0.115122
609,0.171866
610,0.090142
611,0.123812
612,0.125368
613,0.107146
614,0.091863
615,0.127609
616,0.113468
617,0.133471
618,0.156719
619,0.079687
620,0.063432
621,0.081849
622,0.088657
623,0.141731
624,0.110554
625,0.116768
626,0.079846
627,0.136984
628,0.100932
629,0.126935
630,0.124872
631,0.098102
632,0.158033
633,0.095919
634,0.095021
635,0.085238
636,0.059526
637,0.134856
638,0.115968
639,0.111620
640,0.103783
641,0.142296
642,0.107479
643,0.054323
644,0.116079
645,0.113464
646,0.123989
647,0.112491
648,0.149471
649,0.129777
650,0.094109
651,0.089022
652,0.130237
653,0.124978
654,0.099286
655,0.074147
656,0.084661
657,0.144105
658,0.241794
659,0.090370
660,0.143840
661,0.077005
662,0.089528
663,0.119132
664,0.062324
665,0.102995
666,0.129004
667,0.079388
668,0.079558
669,0.107151
670,0.114319
671,0.105945
672,0.099701
673,0.111058
674,0.099964
675,0.124343
676,0.090971
677,0.082311
678,0.121300
679,0.083574
680,0.091853
681,0.094415
682,0.109892
683,0.102178
684,0.095720
685,0.137772
686,0.063125
687,0.086329
688,0.101860
689,0.107467
690,0.093056
691,0.074281
692,0.155364
693,0.108468
694,0.059581
695,0.105783
696,0.127911
697,0.121420
698,0.057416
699,0.102421
700,0.144762
701,0.080867
702,0.108134
703,0.123259
704,0.060477
705,0.087828
706,0.150749
707,0.165497
708,0.122374
709,0.102861
710,0.111590
711,0.102438
712,0.120649
713,0.118598
714,0.108645
715,0.075407
716,0.157514
717,0.110037
718,0.135605
719,0.091429
720,0.104113
721,0.086840
722,0.102865
723,0.089327
724,0.155279
725,0.115436
726,0.103045
727,0.093048
728,0.195776
729,0.080935
730,0.132094
731,0.064911
732,0.093098
733,0.103236
734,0.103029
735,0.134294
736,0.153890
737,0.119214
738,0.086538
739,0.080327
740,0.082659
741,0.069339
742,0.082210
743,0.138585
744,0.147614
745,0.101066
746,0.113925
747,0.069360
748,0.112978
749,0.083243
750,0.161104
751,0.063983
752,0.098055
753,0.116724
754,0.128509
755,0.094536
756,0.076979
757,0.083222
758,0.117509
759,0.076366
760,0.090841
761,0.177423
762,0.073016
763,0.089302
764,0.092352
765,0.090376
766,0.161942
767,0.150267
768,0.119045
769,0.143061
770,0.114825
771,0.132632
772,0.059799
773,0.130641
774,0.099436
775,0.107751
776,0.107420
777,0.095918
778,0.093961
779,0.098950
780,0.103733
781,0.064454
782,0.110933
783,0.094318
784,0.125688
785,0.121234
786,0.110922
787,0.091381
788,0.116604
789,0.136574
790,0.076449
791,0.111192
792,0.124477
793,0.104445
794,0.080389
795,0.137593
796,0.124822
797,0.081020
798,0.106621
799,0.125225
800,0.154333
801,0.131673
802,0.073687
803,0.092124
804,0.091820
805,0.109863
806,0.115841
807,0.092757
808,0.121237
809,0.111005
810,0.093741
811,0.130629
812,0.113886
813,0.114115
814,0.112324
815,0.090665
816,0.120882
817,0.080768
818,0.103437
819,0.083549
820,0.089788
821,0.068967
822,0.115022
823,0.110223
824,0.094476
825,0.080650
826,0.088396
827,0.058377
828,0.166672
829,0.163896
830,0.094978
831,0.070827
832,0.092337
833,0.115969
834,0.147873
835,0.113299
836,0.125682
837,0.082936
838,0.089054
839,0.123164
840,0.111495
841,0.072136
842,0.068167
843,0.121647
844,0.102412
845,0.099655
846,0.158359
847,0.109653
848,0.099860
849,0.083125
850,0.115063
851,0.077606
852,0.132615
853,0.111031
854,0.127558
855,0.095191
856,0.085582
857,0.071704
858,0.136290
859,0.120443
860,0.066197
861,0.135981
862,0.097618
863,0.094912
864,0.123546
865,0.137480
866,0.173444
867,0.109702
868,0.102158
869,0.107546
870,0.100625
871,0.120851
872,0.143030
873,0.098367
874,0.099440
875,0.119400
876,0.125155
877,0.165763
878,0.131158
879,0.103278
880,0.128242
881,0.098856
882,0.134985
883,0.158884
884,0.083833
885,0.141436
886,0.104689
887,0.115266
888,0.147934
889,0.106402
890,0.120987
891,0.100188
892,0.100508
893,0.076680
894,0.133089
895,0.087722
896,0.107784
897,0.096757
898,0.121083
899,0.083122
900,0.086193
901,0.118127
902,0.103328
903,0.164396
904,0.105264
905,0.163123
906,0.086264
907,0.114078
908,0.116545
909,0.125533
910,0.078727
911,0.134752
912,0.078367
913,0.119707
914,0.077251
915,0.100495
916,0.075326
917,0.126909
918,0.103967
919,0.093539
920,0.090285
921,0.084516
922,0.108343
923,0.091205
924,0.107002
925,0.118341
926,0.098528
927,0.090774
928,0.126032
929,0.091609
930,0.257778
931,0.123186
932,0.128932
933,0.097294
934,0.081471
935,0.099640
936,0.111304
937,0.108426
938,0.213739
939,0.086934
940,0.140050
941,0.107926
942,0.108844
943,0.124928
944,0.156869
945,0.063047
946,0.123761
947,0.116040
948,0.107550
949,0.095660
950,0.091855
951,0.091002
952,0.084686
953,0.105039
954,0.095912
955,0.106371
956,0.098116
957,0.103079
958,0.152183
959,0.085691
960,0.113834
961,0.127176
962,0.079660
963,0.151974
964,0.119819
965,0.175356
966,0.135032
967,0.090672
968,0.093617
969,0.124472
970,0.114210
971,0.127202
972,0.101499
973,0.131653
974,0.134197
975,0.074032
976,0.127554
977,0.132113
978,0.058089
979,0.084597
980,0.127432
981,0.091637
982,0.071249
983,0.128229
984,0.115388
985,0.086842
986,0.119103
987,0.100061
988,0.093219
989,0.153016
990,0.095153
991,0.155793
992,0.135918
993,0.086381
994,0.087522
995,0.143231
996,0.109932
997,0.112947
998,0.088681
999,0.080722
1000,0.147454
Slope of log(fitness) after the burn-in phase: -0.000068
